-17.32
33.85
34.22
41.11
39.59
36.23
32.83
31.09
26.79
26.66
28.33
30.89
33.83
34.40
31.75
23.76
21.55
22.74
21.00
18.46
19.72
19.25
15.65
14.20
16.50
17.36
16.80
14.78
15.93
15.63
16.43
18.65
19.43
20.40
24.21
30.14
35.56
38.83
44.38
32.66
29.13
22.86
22.29
20.37
20.46
20.64
20.65
20.64
20.04
19.64
19.39
20.88
22.01
20.58
18.34
19.18
19.51
19.84
22.50
25.76
27.00
22.89
87.52
32.81
49.87
65.71
64.25
11.93
10.09
9.49
8.41
6.24
3.78
15.34
4.10
4.95
1.74
13.27
18.67
16.33
13.42
15.23
22.40
27.49
33.74
38.41
39.29
26.92
27.17
24.64
20.83
15.59
16.31
16.85
13.99
15.51
15.45
14.97
14.68
14.11
13.66
13.27
12.13
10.54
10.71
13.02
18.46
22.68
29.68
32.56
30.12
19.01
18.14
16.53
104.12
36.78
16.88
14.63
14.14
15.54
16.10
14.52
12.98
12.61
12.23
12.15
12.37
12.44
12.20
11.98
15.08
18.29
21.34
23.90
24.79
17.46
17.60
17.74
17.67
14.66
10.87
8.87
8.39
9.37
10.97
10.71
10.84
11.31
11.45
12.66
13.30
15.51
16.82
18.02
22.58
22.28
21.69
42.46
36.36
27.99
28.90
23.57
69.36
84.17
97.66
47.63
12.37
10.19
42.63
10.66
11.24
10.93
10.54
28.60
94.29
159.31
59.59
27.15
12.08
119.03
74.38
45.18
62.86
9.56
8.70
7.15
7.77
6.87
8.37
8.58
8.60
7.38
6.85
5.97
6.75
7.84
8.93
9.63
13.05
12.79
-5.99
28.71
9.49
19.49
23.99
17.92
19.00
13.00
13.72
11.54
11.87
8.88
9.25
8.79
5.88
-44.20
14.72
17.02
16.48
16.21
16.34
14.41
12.44
9.88
-7.72
0.15
52.56
19.41
11.50
17.43
17.10
6.01
6.60
8.83
8.18
6.53
4.80
3.24
-1.21
-4.23
-3.46
16.30
7.56
8.32
9.10
9.78
11.65
13.01
13.24
15.09
16.73
20.19
29.49
32.33
33.20
19.28
15.53
17.18
20.65
22.65
20.53
24.24
25.38
26.37
22.31
17.59
16.05
13.52
60.07
174.53
211.32
153.41
81.30
83.95
8.09
80.60
95.03
97.05
90.21
32.26
38.71
43.17
159.61
61.53
30.21
13.03
9.97
8.31
8.15
8.00
8.40
9.04
9.76
10.21
10.90
-5.92
15.30
20.55
24.61
21.00
27.73
7.19
11.23
7.23
13.16
8.09
17.98
6.64
13.31
14.94
14.86
11.76
14.90
14.08
11.71
10.41
11.15
13.77
10.66
8.98
8.67
7.04
8.24
10.87
13.08
16.61
13.21
4.77
5.87
13.81
14.83
14.78
18.67
20.13
20.96
22.08
-11.08
10.97
13.51
12.15
1.60
-55.82
-24.57
-27.10
-20.35
-3.15
87.51
145.83
87.20
10.31
15.27
8.84
6.41
4.92
9.53
10.68
15.56
9.81
12.23
8.66
6.94
6.24
6.00
5.51
5.25
3.92
3.79
5.14
5.92
6.38
8.50
9.92
10.29
19.40
21.23
14.07
11.68
13.19
13.87
14.42
15.15
15.95
48.30
88.53
27.99
34.72
50.70
71.79
47.05
25.68
7.03
15.48
4.18
3.43
19.92
1.74
5.03
8.51
8.22
1.65
1.81
1.58
0.82
-0.10
0.42
-0.05
-3.30
-3.16
-14.32
18.69
42.01
12.69
6.20
5.85
5.54
5.93
5.68
6.44
6.76
7.53
7.77
0.86
0.95
-4.62
-5.31
-14.81
-6.17
-4.32
-0.83
6.78
3.00
2.35
2.19
3.02
5.80
6.16
4.55
5.81
6.63
10.20
11.32
12.03
77.14
6.38
220.16
287.58
116.83
9.36
-14.53
-14.99
-14.36
-15.07
-7.42
1.52
6.05
8.45
13.38
15.36
18.72
20.57
22.07
19.20
16.36
15.68
12.19
6.05
12.35
16.52
23.54
33.21
32.96
22.22
21.75
20.09
21.07
20.35
19.24
21.79
26.22
36.99
45.79
46.98
51.76
52.01
51.95
55.58
50.84
42.57
35.70
51.05
27.90
223.76
47.80
40.33
49.22
35.72
35.14
24.95
16.66
11.24
6.85
57.46
56.14
12.69
43.49
10.93
13.52
12.21
12.67
10.63
10.22
9.88
404.88
502.85
496.91
361.64
198.67
196.44
48.17
10.08
12.22
11.54
11.29
13.39
10.98
10.84
8.81
6.13
4.70
5.78
4.24
4.63
5.82
5.81
6.14
6.37
7.08
10.40
12.00
14.67
27.72
37.56
35.36
23.28
18.71
10.87
9.73
10.12
9.48
9.29
57.73
90.21
40.58
222.88
159.16
149.81
102.42
109.21
25.99
8.10
9.23
11.67
33.50
19.10
28.63
26.71
27.39
17.33
12.62
9.11
13.94
12.81
14.78
11.56
9.78
14.69
17.47
16.42
11.42
8.97
6.78
3.78
3.72
3.16
28.66
13.92
7.77
12.46
50.07
8.86
19.99
7.91
41.32
5.31
5.69
4.63
4.88
3.89
6.75
6.00
9.76
10.81
12.62
13.58
13.63
16.18
19.74
19.87
20.41
17.89
11.61
9.34
14.79
26.60
9.01
14.00
59.16
6.48
4.06
3.47
4.48
6.15
8.79
7.79
6.12
6.06
6.20
-17.13
27.75
11.20
8.15
7.36
10.04
78.97
61.45
78.46
27.52
11.39
12.91
7.91
5.94
19.27
1.47
2.10
1.69
1.48
18.79
12.99
2.33
6.50
1.88
1.22
1.24
3.92
2.04
3.12
42.35
47.37
65.76
72.03
80.02
78.54
28.07
-24.28
69.06
-11.50
-3.59
-2.38
0.89
74.60
72.19
2.98
63.12
-1.93
47.04
42.68
39.35
-7.76
71.86
-3.35
286.77
324.27
58.83
36.28
46.81
42.00
40.71
31.34
29.09
24.03
14.94
26.17
77.42
6.69
6.30
6.40
7.36
7.90
6.35
7.98
8.13
9.27
10.18
212.29
43.19
6.70
439.36
178.03
62.66
0.04
11.95
214.04
143.89
93.22
47.19
32.10
46.03
46.15
31.02
14.66
13.90
13.29
13.19
13.96
14.05
15.12
13.65
12.90
13.60
15.22
21.75
28.09
31.04
31.90
35.99
53.07
20.74
15.88
12.03
43.49
93.82
45.71
11.99
12.65
10.80
26.60
8.66
24.83
40.25
38.67
122.15
36.83
2.10
3.26
4.79
69.78
36.12
57.57
22.92
24.21
16.58
16.51
-0.22
-0.30
1.38
1.53
2.16
1.75
1.84
1.63
2.00
3.99
6.47
8.26
7.83
8.62
7.94
42.12
227.81
177.19
5.75
7.59
17.81
10.22
9.49
10.20
5.26
-0.54
-3.41
1.38
18.76
19.00
1.10
67.59
0.94
51.92
1.36
1.12
1.39
1.57
211.72
294.00
178.47
149.04
372.48
192.56
116.46
26.51
26.08
23.33
100.84
480.23
104.46
16.66
14.44
23.46
23.47
22.10
86.18
31.84
32.58
11.90
9.18
7.91
6.86
10.70
16.54
30.23
37.57
44.91
50.06
85.86
10.60
3.64
7.88
11.85
12.16
11.84
8.61
9.01
7.21
7.27
7.26
6.24
5.61
4.03
2.94
2.06
0.40
18.77
68.39
88.66
110.10
42.17
44.25
85.76
19.39
1.80
0.88
1.23
1.75
1.73
1.30
1.01
1.95
70.28
62.62
65.40
72.82
97.00
139.18
127.32
190.23
193.26
160.54
82.73
48.67
17.13
23.32
45.62
12.93
12.89
12.43
12.75
302.46
16.89
16.79
198.79
263.95
44.33
8.88
92.85
43.25
6.90
44.67
24.31
22.01
10.24
10.11
10.29
21.23
25.06
98.72
108.85
20.99
9.46
10.26
8.93
42.30
42.91
44.58
13.75
45.99
31.23
18.59
18.24
39.51
32.87
52.55
40.00
42.87
46.28
48.77
53.72
55.72
41.63
35.49
86.55
62.26
99.55
75.31
34.75
39.23
42.10
40.72
37.60
33.75
30.30
31.22
38.08
47.24
49.76
51.89
49.76
48.69
47.09
45.11
37.12
32.50
31.30
33.88
37.16
30.80
34.65
34.68
43.02
45.90
44.20
41.26
41.48
48.44
49.79
55.04
56.93
56.14
57.09
60.59
60.52
55.22
56.09
56.70
61.36
65.35
60.11
58.49
57.03
52.96
56.05
52.93
51.94
44.48
31.37
21.70
18.74
16.54
20.32
27.62
31.60
25.35
25.77
24.81
10.21
-16.38
79.50
26.11
35.40
40.03
42.45
44.07
41.63
28.86
26.84
24.10
24.92
27.74
31.75
30.07
29.81
29.44
30.80
30.59
31.27
33.07
33.72
38.34
42.94
45.93
56.52
75.43
83.50
84.70
67.59
70.24
70.44
57.72
55.97
52.62
55.52
58.34
58.92
58.15
54.89
53.98
54.55
53.09
52.68
50.06
49.32
47.17
46.36
45.49
46.89
48.71
53.52
54.74
57.95
59.38
55.24
37.83
35.00
30.14
27.90
27.64
28.78
30.78
31.31
29.05
25.50
21.93
22.53
25.40
27.40
26.03
25.98
34.39
41.45
41.31
42.86
47.68
53.43
57.68
56.49
31.14
25.48
25.26
26.80
30.39
35.01
33.99
30.62
31.47
31.52
33.68
38.55
36.89
31.89
26.17
25.09
24.65
32.09
37.41
39.60
44.43
46.82
49.94
63.06
170.33
31.59
-3.01
10.92
-8.87
-12.30
-13.30
-12.27
-11.98
-11.58
-10.64
-10.51
-9.40
-9.37
-10.24
-10.11
-12.08
-9.77
-6.06
0.47
7.81
10.36
9.49
0.50
-33.73
-33.16
-29.67
-31.45
-36.43
-40.18
-40.55
20.99
188.48
-56.13
-58.63
-34.37
-26.87
-23.03
-22.51
-22.31
-22.66
-22.38
-21.68
-15.90
-7.03
-12.20
-5.91
-12.08
-33.86
-33.57
-28.31
-29.08
-25.31
-19.09
-14.90
-12.28
-11.81
-10.76
-10.84
-9.04
-6.14
-4.87
-3.53
-2.54
-3.42
-0.37
14.59
23.00
31.05
22.11
19.26
4.58
-25.53
-29.47
-26.49
-30.03
-29.93
-27.89
-23.49
-23.76
-32.31
-29.01
-21.67
-10.77
-7.97
-5.09
-2.63
-2.31
-1.44
3.01
8.57
16.40
27.70
22.60
19.97
13.06
-19.97
-17.58
-12.73
-13.62
-14.39
-16.76
-16.50
-16.86
-20.84
-23.08
-21.77
-24.74
-26.00
-25.70
-22.74
-19.97
-16.31
-3.75
11.83
27.98
39.81
53.94
52.78
48.05
3.67
-0.63
-4.83
-4.91
-6.32
-6.11
-4.26
-2.50
0.30
6.01
8.81
8.39
7.51
7.68
7.84
7.48
9.43
19.57
34.96
55.00
67.17
68.22
64.42
53.70
1.03
-4.31
-6.15
-5.05
-3.99
0.33
2.91
5.06
4.72
6.75
8.77
10.06
6.20
4.97
5.60
6.26
9.26
24.49
29.35
41.23
56.12
55.61
61.03
53.95
-3.99
-5.80
11.02
1.71
2.41
5.48
8.71
9.83
8.07
7.69
6.72
7.44
7.56
7.58
7.08
10.87
11.19
30.88
55.42
76.11
96.68
111.11
111.29
98.80
36.35
21.81
16.71
17.50
18.04
19.14
17.78
14.04
12.91
14.31
14.45
14.50
13.78
12.72
11.44
11.86
15.06
32.28
57.86
84.83
101.37
98.94
101.70
95.33
31.28
21.95
16.62
17.65
17.18
20.73
19.06
21.41
20.32
19.59
17.16
14.00
13.67
13.98
16.63
17.68
21.41
39.15
66.61
87.06
99.92
100.75
104.25
100.53
43.17
31.72
23.91
26.70
28.50
27.37
24.54
23.18
22.53
20.71
18.93
17.88
15.91
13.75
12.95
11.51
14.03
19.03
23.37
39.02
54.58
25.51
32.80
33.53
37.41
18.94
12.15
15.05
12.96
11.05
10.23
10.80
11.29
11.06
10.70
8.26
6.96
6.52
6.27
7.27
10.61
13.41
24.14
36.04
48.89
64.24
69.77
68.65
31.10
25.57
15.28
12.89
12.99
10.89
9.19
8.45
8.38
7.60
8.36
8.52
9.26
8.44
-36.25
53.43
9.05
17.13
28.51
44.95
63.51
76.86
84.25
83.09
45.58
37.40
22.74
19.86
17.14
16.40
17.44
16.94
10.91
10.14
10.01
9.92
9.56
9.93
10.17
11.79
14.47
18.69
29.04
51.80
64.11
85.52
89.69
83.26
41.47
35.52
20.07
15.16
12.45
11.36
11.01
10.77
12.45
12.21
13.48
14.02
13.91
12.11
10.42
9.74
11.88
19.44
31.99
43.06
55.94
63.36
64.24
56.16
-1.80
-2.05
7.27
1.31
1.62
3.49
7.56
11.67
12.00
10.89
11.14
11.51
11.54
11.12
12.61
13.03
15.20
25.09
44.65
68.81
87.20
91.94
97.26
93.62
32.92
28.73
19.59
20.99
19.96
17.77
15.42
15.06
13.92
13.12
12.42
11.58
10.83
10.75
8.91
8.40
13.10
27.50
37.78
53.00
60.52
62.89
70.20
45.96
28.14
21.63
13.71
172.86
92.60
46.43
13.01
30.74
27.44
26.42
42.28
27.15
29.79
26.65
30.33
30.91
34.01
41.48
50.05
30.48
68.82
64.49
44.47
86.05
48.02
49.49
37.33
42.89
22.95
20.10
18.41
15.96
14.79
14.64
13.56
12.21
11.90
11.77
12.10
12.31
15.72
25.96
44.54
78.41
49.87
77.12
78.29
71.79
77.22
32.63
20.59
19.23
17.43
16.64
16.45
17.60
18.54
18.03
17.59
16.64
16.29
15.93
15.73
15.93
20.65
26.29
40.69
50.47
516.26
22.43
53.57
46.08
68.18
23.32
18.39
15.14
11.26
11.75
14.55
14.52
10.93
7.38
6.39
5.37
5.00
4.80
1.44
-4.62
17.54
7.55
28.74
37.22
45.48
38.88
50.60
45.80
59.07
16.49
13.65
9.93
8.67
8.50
7.65
7.22
6.56
6.01
5.29
4.41
3.50
4.10
4.48
5.49
9.78
16.95
31.29
47.25
53.02
47.01
47.31
37.48
56.71
17.41
14.90
2.28
1.59
2.84
3.87
4.12
3.06
3.26
3.98
3.16
2.50
3.42
3.86
4.01
5.90
13.59
22.48
38.84
57.67
36.43
37.37
48.38
95.43
31.48
22.81
20.61
26.29
33.03
33.76
32.27
33.15
28.93
53.04
21.79
20.23
22.93
26.32
18.80
21.56
29.69
34.79
35.19
45.25
66.51
74.66
69.40
85.12
215.88
42.45
29.59
125.62
93.42
92.54
18.97
25.35
48.50
59.56
41.04
19.40
16.86
17.56
15.86
22.31
31.86
57.45
84.70
102.80
110.79
110.39
102.71
90.74
64.28
55.81
50.67
49.90
111.39
88.10
55.13
83.42
33.09
49.57
47.88
62.23
63.19
30.42
14.59
20.75
37.45
64.84
68.09
77.55
84.04
64.46
80.41
59.72
64.00
57.55
48.58
43.78
56.65
32.41
28.87
23.37
7.52
22.34
25.96
7.63
22.87
7.54
9.16
33.38
23.85
44.43
34.06
29.00
41.71
8.22
7.17
23.07
18.77
16.80
12.76
9.77
10.49
9.53
7.16
7.63
6.42
4.29
3.55
19.72
3.40
3.56
3.56
5.51
6.53
9.39
27.14
34.52
75.39
81.36
48.99
47.68
32.15
26.57
33.98
11.92
10.90
10.08
9.84
9.64
8.50
7.63
6.91
6.74
6.66
6.35
7.27
11.32
21.11
31.61
56.69
34.71
79.13
85.25
82.75
73.79
36.71
28.61
20.72
16.98
13.09
10.62
8.71
6.37
4.77
5.19
6.38
8.93
7.86
7.98
8.87
28.37
16.95
36.29
49.22
49.62
24.67
31.10
29.47
34.36
25.49
23.75
17.15
15.31
11.71
10.06
7.27
6.65
5.69
4.68
3.87
3.56
2.98
2.35
-0.64
9.00
16.32
28.24
495.14
378.77
141.04
109.53
80.00
56.34
31.84
29.49
24.38
22.99
4.36
23.14
4.88
4.89
20.84
3.49
11.62
7.65
20.32
6.92
11.06
29.86
17.72
58.77
43.13
73.78
52.39
67.74
64.28
72.65
50.95
33.14
22.63
34.74
17.32
9.99
10.77
15.30
18.37
26.63
25.38
27.01
26.63
25.19
26.21
39.51
52.87
56.55
72.18
91.16
78.14
61.32
73.93
55.84
17.12
13.42
10.37
12.36
18.24
19.52
21.73
23.65
22.20
19.59
32.36
10.97
13.34
9.86
6.51
3.93
1.95
1.66
10.08
32.89
45.30
52.15
66.30
64.99
39.50
36.44
25.43
12.13
12.94
9.90
7.60
6.36
5.83
6.16
8.96
-19.22
34.50
7.04
8.56
17.90
27.99
37.91
45.79
55.14
42.16
47.39
58.53
43.84
23.58
20.88
13.71
11.37
5.49
5.36
4.35
4.46
3.10
3.51
2.63
3.01
3.40
3.54
5.98
13.89
21.92
27.92
40.49
42.57
50.49
51.32
47.37
43.63
11.54
9.24
6.44
8.71
11.72
12.40
13.07
12.90
12.39
11.84
11.28
11.47
11.26
11.01
12.38
23.24
38.72
56.17
73.71
83.22
91.92
94.67
88.27
72.98
21.42
14.02
16.10
16.99
19.99
21.24
21.45
20.66
20.16
18.99
19.22
19.53
19.33
17.54
19.19
32.54
51.82
77.24
93.52
110.13
80.66
79.97
75.10
59.34
40.30
33.93
22.58
18.03
16.50
17.16
14.73
11.47
10.62
8.95
8.10
8.47
7.63
7.02
7.34
16.18
30.43
63.14
75.14
85.32
114.19
117.63
111.93
101.64
49.29
43.90
30.52
29.51
30.33
29.98
29.10
28.98
23.97
21.41
27.67
92.07
38.47
22.61
23.78
46.76
61.53
69.89
64.96
74.98
92.90
86.71
85.52
68.93
50.35
191.36
40.02
16.95
16.25
15.04
13.85
11.73
10.91
10.05
9.88
9.23
8.18
8.91
12.45
26.91
48.66
75.02
100.92
121.88
127.61
129.92
124.03
98.20
54.81
46.10
28.49
26.13
24.23
23.63
20.01
19.09
17.69
18.68
18.38
16.91
14.08
13.26
21.10
41.28
69.55
96.99
124.29
142.82
147.75
149.29
140.22
118.60
47.35
26.08
30.10
28.32
27.92
26.11
23.32
20.22
18.54
15.57
11.89
6.27
10.08
12.11
24.29
44.16
68.01
99.40
120.44
125.77
140.23
134.57
122.71
105.21
29.95
20.34
28.03
29.71
29.30
28.94
29.81
28.41
29.11
26.85
27.64
28.53
25.79
21.28
33.21
54.06
87.87
119.02
143.30
155.77
160.27
157.59
141.83
121.10
35.47
19.75
23.60
25.17
26.89
26.99
23.79
20.17
19.25
18.94
18.41
16.42
13.22
10.48
22.19
43.78
85.65
117.21
145.63
159.65
188.23
190.33
187.08
176.12
94.39
65.11
40.60
40.91
37.91
38.44
35.99
45.54
36.06
20.27
13.03
11.36
11.05
11.38
14.00
24.89
38.10
49.60
69.77
84.21
92.66
102.33
98.96
99.79
50.79
48.41
40.04
32.48
37.81
29.51
23.46
21.06
19.30
13.08
13.00
11.77
13.96
12.98
16.82
25.99
40.82
63.93
87.62
105.83
121.25
131.99
130.27
128.43
74.26
64.55
38.76
28.01
23.40
19.34
16.89
12.65
12.76
12.45
11.22
10.04
11.99
10.84
11.35
28.65
50.66
66.57
82.14
95.70
91.27
91.46
88.43
76.79
28.57
30.49
19.48
16.39
13.33
8.98
10.49
12.93
14.79
13.90
14.85
13.54
15.37
15.79
25.41
43.10
60.74
60.88
54.28
28.78
26.62
185.30
106.81
44.51
75.08
46.86
33.34
26.18
25.41
23.18
21.91
23.71
27.20
23.68
17.97
13.49
12.16
16.94
24.66
34.85
37.81
39.80
40.34
50.08
70.56
54.64
63.06
71.21
34.62
34.56
27.13
17.62
19.83
17.83
19.27
18.60
18.40
20.03
16.96
16.19
17.45
21.20
28.60
30.44
25.52
29.78
18.12
30.49
15.48
8.23
-1.59
17.64
18.07
35.48
62.79
46.07
13.43
13.34
9.86
-92.91
12.88
30.04
24.49
19.35
12.35
10.51
82.64
25.78
39.33
24.85
39.72
49.10
51.62
65.28
71.79
73.26
88.70
30.28
18.91
18.14
17.23
17.79
17.49
16.20
17.17
18.06
18.28
18.61
17.43
18.92
33.27
54.52
71.27
68.52
92.59
112.63
104.09
104.36
102.89
99.48
163.99
39.78
17.87
16.39
14.10
13.84
10.23
12.98
15.07
11.23
8.96
28.50
234.88
55.72
15.61
41.90
24.88
132.51
72.12
60.44
20.52
61.06
67.06
84.51
162.89
52.14
30.69
31.11
33.42
37.19
28.38
27.06
27.59
29.34
25.26
23.91
17.95
151.82
18.18
31.14
55.71
94.77
111.86
150.34
91.41
78.95
72.59
158.86
194.19
197.88
196.86
157.41
170.20
52.25
19.46
19.33
18.37
14.60
26.98
25.77
11.78
10.93
15.44
20.86
34.16
39.07
45.71
61.06
88.45
91.51
90.46
66.37
79.24
39.29
27.00
18.99
18.56
15.57
13.75
9.27
7.70
6.07
4.26
3.44
3.52
-0.84
15.07
23.88
59.51
33.87
67.06
76.87
91.09
91.40
85.81
77.13
88.84
35.82
22.41
20.04
18.53
16.60
16.23
14.66
13.48
11.43
9.68
8.78
7.98
8.45
19.53
32.42
44.77
41.46
39.51
45.42
64.48
64.90
61.39
56.31
59.86
35.32
24.93
22.56
19.30
14.12
11.97
11.27
9.40
8.57
8.42
7.63
7.48
8.40
16.12
30.87
37.54
63.99
57.92
50.56
56.60
74.13
76.14
86.25
72.93
41.53
36.12
18.58
15.05
14.94
14.47
8.91
6.78
7.33
3.85
3.84
4.46
7.62
11.76
28.70
41.48
48.83
64.12
80.34
83.95
96.43
91.39
84.68
66.27
42.52
40.08
26.48
15.24
14.88
15.51
19.13
18.55
14.61
10.78
9.25
8.91
10.33
20.91
36.61
56.74
83.65
98.41
110.67
110.31
92.91
78.11
66.84
60.46
28.17
16.69
5.31
2.47
1.28
2.11
4.14
5.60
3.26
3.14
2.96
2.55
3.28
5.10
6.22
6.23
18.71
24.52
34.00
33.60
34.73
32.98
38.33
29.30
7.08
4.11
7.06
4.97
3.83
3.66
2.68
19.49
21.12
62.46
26.98
19.97
3.51
14.82
31.88
46.64
56.02
57.77
53.65
49.74
60.26
45.08
51.48
39.20
47.43
10.56
8.81
6.94
6.13
6.70
6.88
23.14
6.16
6.18
5.37
3.37
7.63
36.66
15.55
64.48
70.15
54.94
73.23
94.18
104.11
97.06
83.42
65.84
15.53
10.03
5.91
7.01
10.41
12.93
13.55
11.34
11.88
11.18
9.36
9.37
13.86
30.02
51.90
60.93
71.48
109.34
77.16
127.27
126.87
98.26
80.51
62.09
25.74
16.96
19.01
14.29
17.57
26.08
22.94
32.32
38.88
42.58
35.49
25.87
24.81
33.90
49.86
68.82
85.26
94.80
103.71
111.59
114.04
112.22
104.60
92.07
48.98
31.66
25.98
23.99
19.51
15.90
13.22
13.44
12.85
11.32
11.20
10.82
11.87
22.05
38.09
59.02
78.47
92.96
104.90
111.06
113.12
108.33
100.06
85.10
36.45
22.83
22.62
20.52
21.20
20.27
19.82
19.12
18.56
18.21
17.13
15.40
20.95
34.56
54.39
76.85
96.99
111.27
121.84
130.81
131.72
125.91
113.29
97.27
46.21
29.28
25.42
20.04
16.54
15.62
14.88
14.63
11.90
11.63
11.56
11.17
12.78
23.71
41.73
65.74
88.84
111.90
129.16
141.02
140.66
137.96
129.38
112.44
59.67
44.81
33.55
33.53
27.27
24.12
24.66
24.46
26.03
23.55
21.55
18.55
25.76
48.30
67.79
95.65
112.88
123.71
131.70
140.32
140.47
133.12
120.98
108.23
63.02
41.29
34.76
34.92
36.39
44.86
49.17
45.91
39.96
33.89
28.79
26.19
33.14
53.26
69.30
85.89
103.00
120.93
130.07
143.06
141.52
132.89
120.70
97.30
42.07
24.71
25.91
25.73
26.46
28.97
29.06
30.29
26.44
20.34
13.61
11.76
19.09
37.72
60.79
74.44
98.67
130.50
160.36
161.84
166.09
159.50
125.33
81.87
33.25
25.31
14.68
2.66
5.88
110.92
112.01
118.66
129.97
129.98
78.58
56.46
40.66
8.44
12.82
16.91
30.94
63.28
85.95
149.71
157.19
159.88
142.97
119.00
63.89
49.75
27.26
17.18
14.03
14.14
13.57
11.40
9.99
8.23
6.77
6.29
9.08
16.79
32.32
52.13
72.11
76.18
68.42
106.21
106.51
67.80
31.24
28.15
10.42
16.57
13.81
12.98
10.65
9.22
30.98
21.93
8.10
5.83
7.20
36.05
29.09
44.43
37.26
63.35
40.68
63.78
65.43
71.99
101.41
96.39
74.68
45.32
11.40
25.45
22.19
15.66
13.51
11.28
13.08
14.05
14.48
13.87
13.83
14.93
17.70
25.87
31.99
49.96
56.37
62.33
67.02
64.95
62.66
62.29
58.56
46.02
21.30
13.89
7.57
8.44
7.06
3.64
3.82
4.48
5.70
6.66
7.25
8.12
13.18
25.69
52.50
83.41
123.80
102.85
102.07
89.80
54.08
61.52
53.53
51.42
31.95
22.46
15.55
13.12
14.08
12.02
13.68
13.61
13.00
13.04
12.63
12.14
13.37
26.14
48.74
79.02
102.07
121.16
137.83
75.64
139.72
131.21
131.74
121.56
85.96
45.91
37.25
25.85
42.04
40.48
23.67
22.61
65.87
108.90
92.07
30.39
13.56
11.99
16.76
32.45
43.48
44.56
38.86
65.24
55.86
53.35
41.74
23.90
7.46
9.08
8.79
8.53
11.45
10.91
10.01
9.84
10.27
11.36
11.73
12.38
12.20
20.59
34.59
62.01
93.82
121.52
134.70
148.00
153.56
151.16
137.08
115.60
56.75
41.35
30.68
31.41
29.40
27.36
24.66
22.05
22.82
24.90
24.94
23.65
32.09
50.31
80.15
101.44
115.37
123.22
130.62
135.32
132.54
127.83
114.85
97.96
36.78
17.88
17.25
14.27
13.32
12.40
6.92
5.52
4.27
5.47
8.66
8.79
18.57
36.75
68.18
94.97
117.74
136.51
147.75
159.68
155.35
141.81
123.85
101.71
26.32
15.42
21.50
24.46
22.53
23.36
24.21
22.38
19.12
13.67
8.05
8.81
27.04
64.28
97.48
131.20
160.99
180.38
190.58
191.25
180.42
164.51
133.95
91.67
23.90
16.31
20.66
21.51
27.00
19.24
14.44
25.15
24.43
22.48
21.27
21.39
31.35
47.17
57.58
81.80
123.31
137.44
105.00
142.41
123.34
70.59
27.67
43.24
44.12
83.22
10.88
36.18
26.87
26.83
20.93
10.64
11.16
2.60
3.19
2.74
8.37
25.95
60.77
132.20
202.00
239.06
245.24
197.42
198.23
171.10
80.66
118.34
32.44
20.52
16.79
10.10
5.91
4.65
2.96
4.16
8.34
12.80
16.23
19.27
22.81
22.18
24.61
25.96
42.43
53.84
46.97
119.67
304.01
218.36
76.44
72.36
47.90
28.21
7.21
5.86
13.80
20.62
20.84
19.42
15.76
14.80
12.65
11.15
18.38
27.78
40.30
55.34
74.68
91.89
101.96
110.09
111.03
101.42
90.94
81.17
27.85
22.71
20.96
17.63
18.09
18.34
16.05
16.08
14.57
14.75
15.02
14.89
24.32
45.97
68.86
98.76
115.32
131.67
142.83
144.30
148.61
85.15
86.03
103.66
85.10
14.45
4.20
6.62
7.29
6.22
5.09
3.32
14.95
16.98
16.55
12.76
22.63
31.34
41.15
79.76
128.31
108.96
105.80
135.49
137.92
146.84
130.19
122.47
173.00
41.62
25.38
24.23
20.82
16.46
14.46
12.36
11.63
11.25
10.88
10.45
17.79
37.64
64.06
95.74
130.58
145.63
159.29
131.75
129.39
141.88
145.55
56.60
165.81
25.79
22.04
21.28
20.03
18.62
16.37
17.47
15.97
14.01
12.97
12.04
20.50
41.08
66.07
94.71
113.04
127.90
140.70
145.52
128.63
134.90
120.50
99.08
171.43
15.14
14.85
12.86
16.19
19.07
19.21
17.40
16.61
13.85
11.65
8.41
18.07
40.60
72.80
94.16
112.42
129.14
146.19
153.36
153.67
143.01
125.09
100.12
168.20
12.89
12.69
5.01
6.02
11.52
9.51
0.03
-0.79
4.98
3.73
6.44
24.61
58.67
90.76
121.14
148.61
170.84
186.49
188.19
186.34
168.99
143.44
113.29
195.26
9.39
5.81
8.44
9.85
9.33
8.73
6.82
5.05
3.83
9.28
26.04
38.83
21.44
99.72
136.49
160.42
169.64
181.92
203.20
121.72
201.89
184.25
152.06
229.50
30.18
20.35
19.26
19.08
16.74
14.87
11.70
9.31
4.23
2.90
4.59
20.17
33.95
64.91
114.43
122.10
99.05
110.66
139.67
138.35
160.12
139.23
114.28
186.01
23.89
15.57
15.13
13.71
14.66
13.76
27.64
290.65
179.71
509.22
451.65
161.83
154.22
107.56
70.16
172.51
196.15
227.72
87.03
209.12
186.77
157.79
122.18
210.57
15.70
16.69
19.14
21.60
22.97
24.34
24.17
24.18
23.22
22.77
21.35
54.24
95.48
142.69
172.39
175.48
173.10
153.93
197.66
194.35
127.41
74.53
64.15
107.75
15.50
13.78
12.82
7.40
5.62
13.52
8.93
5.69
12.24
12.47
29.36
18.42
22.34
36.72
28.79
50.91
59.82
72.87
11.70
23.75
39.67
36.74
43.12
72.09
40.18
30.36
23.40
24.04
15.87
11.19
10.16
11.87
12.19
12.84
13.27
25.43
38.89
76.48
119.80
150.17
133.80
165.03
158.95
183.21
125.52
113.32
99.08
116.19
36.44
28.13
19.40
13.81
11.81
11.11
10.34
9.58
9.18
9.95
8.89
18.91
39.80
81.05
120.49
93.51
100.62
119.59
124.52
159.05
144.59
125.43
123.83
181.85
33.07
18.57
18.29
19.95
18.45
16.20
13.33
11.01
9.90
9.39
8.92
15.91
33.91
64.55
99.21
127.35
155.61
175.17
181.82
168.49
164.65
148.71
120.75
144.29
27.22
18.87
19.21
19.76
19.48
19.84
19.97
19.71
19.36
19.05
18.34
36.37
65.49
96.34
126.86
153.55
176.69
192.86
201.60
196.49
177.92
153.84
129.22
157.41
20.18
12.69
7.48
15.60
21.25
34.55
55.26
13.30
74.40
58.98
23.10
44.08
77.35
176.97
231.80
261.21
476.18
466.24
412.69
241.41
120.37
186.37
161.66
128.40
54.69
29.12
25.86
25.28
21.17
18.52
30.83
17.12
17.21
17.59
15.81
33.12
62.24
94.78
135.85
131.86
204.23
219.17
90.82
188.49
210.08
193.37
172.98
165.87
120.39
26.49
23.94
40.96
28.89
28.76
26.31
22.81
20.48
18.36
22.81
40.14
70.94
110.72
157.97
190.42
209.70
230.77
230.53
227.20
214.69
194.16
166.21
130.85
59.10
34.81
30.56
27.36
24.13
25.93
23.56
20.62
17.59
15.44
17.82
33.69
56.16
87.99
125.01
153.72
179.30
192.38
199.13
196.45
186.80
170.92
151.00
116.10
48.31
24.66
23.69
21.46
19.15
16.00
15.76
14.10
13.88
13.65
20.52
43.71
73.48
113.78
153.17
193.35
224.64
251.95
252.90
248.71
220.52
203.85
172.59
127.87
36.24
22.62
22.99
22.39
23.63
19.80
20.04
20.33
19.58
19.04
23.15
41.45
84.51
120.07
170.11
211.76
234.12
248.34
250.40
236.29
211.43
178.09
136.71
93.98
9.63
18.69
23.52
28.00
28.19
29.06
30.95
31.28
27.12
23.64
24.03
61.12
83.78
48.36
80.79
218.69
138.37
111.28
154.00
118.06
100.55
86.96
67.14
50.85
14.97
11.33
20.22
20.85
20.72
9.41
6.53
4.52
3.95
3.61
7.53
18.24
6.42
18.79
26.36
24.64
21.16
31.78
17.39
47.52
32.23
28.97
19.11
23.09
14.44
16.03
10.44
9.17
8.27
9.41
8.49
8.57
7.59
6.95
7.34
12.36
18.89
31.01
50.25
63.55
66.49
75.01
151.42
98.46
75.24
78.63
40.46
14.95
31.48
22.43
18.56
16.87
15.01
13.30
12.97
11.28
9.43
7.82
4.60
14.97
26.64
55.89
9.60
30.58
50.34
88.01
98.46
137.23
109.26
173.81
146.82
114.40
62.88
98.06
62.29
49.13
75.75
65.52
51.21
62.76
20.27
17.20
22.11
46.28
77.66
114.94
144.22
172.79
194.14
200.88
174.09
168.08
163.67
156.07
108.55
89.46
28.83
16.98
12.31
10.43
11.81
8.73
7.89
9.34
9.50
11.43
13.64
35.75
109.69
27.08
79.67
85.73
104.28
143.03
104.53
124.09
123.38
110.10
109.72
90.68
36.27
22.92
22.09
21.59
20.04
18.87
13.98
41.73
10.28
13.48
15.60
10.38
35.78
66.29
91.21
71.91
67.36
58.16
189.19
149.24
184.23
76.62
95.05
68.62
20.20
17.92
12.79
6.94
3.50
2.34
2.61
2.79
2.88
3.32
3.45
4.22
17.95
17.00
23.25
36.06
53.79
66.97
128.50
208.89
196.23
175.70
147.94
109.24
40.39
20.14
28.41
27.07
13.46
15.26
17.58
12.84
10.95
8.83
6.61
7.99
9.00
11.68
21.53
13.83
27.33
46.60
91.24
52.81
36.13
36.16
41.31
43.50
12.58
10.27
10.12
12.13
11.60
12.47
12.33
12.24
12.51
13.00
15.58
35.66
71.81
122.03
187.61
232.01
265.46
301.55
298.34
185.33
279.23
246.77
206.87
157.36
44.49
29.67
29.39
35.49
34.84
37.81
40.34
24.37
21.68
8.25
11.28
40.83
80.21
121.48
159.35
180.80
206.74
266.40
198.15
247.62
231.65
182.05
121.06
86.58
7.13
8.68
17.67
20.81
17.99
20.88
19.68
17.27
15.55
13.62
12.20
14.32
18.92
30.29
55.09
91.83
164.05
205.56
125.01
110.64
83.80
62.83
43.33
31.99
11.34
5.43
5.44
3.67
5.38
5.99
5.28
6.01
7.81
8.37
9.99
21.46
114.21
33.63
159.22
143.65
206.19
209.06
98.02
97.97
76.43
68.32
52.95
33.35
8.23
5.39
6.50
6.09
3.87
2.81
1.47
1.05
1.24
2.02
3.83
6.46
8.11
7.57
6.47
8.91
16.26
17.60
25.98
28.14
20.37
14.78
11.19
10.18
3.63
3.05
3.52
17.46
17.58
44.81
2.98
79.38
209.01
206.67
100.72
77.31
101.50
19.96
52.65
47.58
43.89
42.77
34.99
35.81
36.34
32.77
25.91
10.11
2.35
1.83
0.96
0.90
-0.10
1.27
5.03
11.40
9.86
10.01
9.15
8.45
10.09
15.38
8.49
15.32
30.39
35.24
240.29
236.41
219.30
197.28
165.23
125.97
48.49
29.04
29.20
18.25
17.90
14.95
14.51
14.07
13.35
12.99
15.60
35.14
58.80
83.34
89.40
116.32
119.48
127.75
132.11
130.64
121.37
84.48
56.44
37.88
22.28
18.16
19.10
15.68
10.81
10.79
10.14
9.69
9.28
10.35
11.45
19.99
34.66
57.21
92.67
100.23
102.95
105.49
132.12
183.39
172.52
154.14
124.52
95.50
26.01
18.03
17.06
13.60
13.77
13.06
12.35
12.97
12.07
10.74
14.37
37.90
73.68
109.50
146.63
174.96
203.32
221.91
238.46
236.90
223.95
198.14
165.53
128.42
43.71
23.07
23.95
22.71
23.06
19.92
17.35
14.68
11.20
8.81
10.55
37.99
66.05
86.14
67.18
69.13
119.34
177.37
83.71
91.49
149.53
154.19
128.79
94.40
18.51
12.16
8.46
14.73
14.96
13.67
13.68
11.67
9.22
4.18
7.13
355.60
167.67
100.94
228.60
82.99
214.53
254.46
276.43
272.76
257.05
230.30
192.05
147.35
47.69
30.44
30.76
32.88
30.50
29.49
32.49
27.56
22.56
24.25
30.83
63.75
108.46
160.10
222.35
256.75
282.79
294.04
308.21
295.43
270.12
228.59
190.92
147.88
52.79
42.99
32.77
33.20
32.55
30.67
26.47
22.82
19.79
18.84
24.86
53.42
93.86
143.54
190.18
234.98
281.41
304.48
121.58
192.13
236.47
205.76
194.94
79.86
43.45
26.81
20.70
23.47
24.69
25.53
26.12
25.59
23.26
21.69
26.50
59.42
103.26
165.94
220.33
255.69
288.77
301.86
309.26
301.54
267.06
203.28
181.80
112.37
20.68
23.21
10.52
5.35
6.16
0.49
8.15
7.45
8.04
5.38
4.81
16.60
63.29
114.91
111.94
104.63
48.25
24.79
143.27
174.33
183.84
149.43
205.52
156.48
62.63
31.77
26.26
28.11
28.39
20.96
17.72
18.53
18.48
15.34
15.36
29.97
74.82
53.84
37.93
26.29
31.14
61.78
288.40
202.63
175.31
129.01
50.05
34.41
22.05
18.81
18.60
18.18
13.50
11.71
6.37
5.92
5.98
6.85
9.91
16.63
16.50
18.33
32.47
18.31
33.70
65.62
129.98
134.84
192.87
209.81
184.73
130.60
71.88
45.63
32.55
26.48
23.43
21.29
20.71
21.16
18.96
19.32
28.32
44.94
79.24
121.75
128.42
159.97
167.66
229.59
163.41
137.40
206.94
188.99
180.57
140.56
51.03
26.92
19.04
25.54
26.31
17.49
23.12
20.16
12.45
8.94
11.51
44.82
95.23
143.31
197.29
245.58
292.75
329.04
219.92
271.64
215.99
149.92
115.84
85.72
49.31
28.79
19.31
14.72
12.66
13.44
11.88
8.10
6.05
4.18
3.18
7.94
18.17
26.68
37.12
56.82
88.44
102.00
198.73
179.66
165.17
138.51
105.98
72.75
39.11
23.76
19.63
25.78
23.51
16.06
15.62
11.45
11.93
15.02
12.99
32.32
61.72
101.50
150.07
172.06
196.53
165.13
244.82
243.64
224.62
201.93
177.08
136.55
44.29
30.46
22.82
31.22
20.30
16.85
17.19
16.12
15.53
16.94
21.47
45.55
90.64
137.76
196.34
238.01
275.24
302.63
300.75
298.91
284.94
244.17
183.61
145.43
70.13
59.89
42.38
48.38
46.68
48.78
40.90
43.03
39.04
30.64
24.45
34.59
42.35
51.29
53.63
77.27
131.66
207.06
195.15
276.34
221.74
260.83
239.12
185.58
77.02
67.40
51.37
25.90
23.20
24.79
20.77
28.58
42.32
75.44
71.47
69.83
48.16
105.16
142.46
162.76
185.88
249.34
237.53
162.64
139.55
166.98
166.94
129.38
58.52
29.59
23.06
19.67
18.39
14.63
14.55
15.37
14.55
14.05
15.36
28.73
47.88
73.17
110.94
148.48
174.31
191.91
200.46
199.01
190.46
170.90
144.86
113.04
41.26
27.46
25.90
22.15
13.64
2.59
19.09
25.17
23.98
21.29
34.32
70.32
95.67
97.73
138.26
211.73
150.58
129.20
144.70
119.69
110.10
88.20
52.02
28.49
4.73
2.64
2.29
2.48
3.09
3.09
2.24
2.82
1.57
0.53
0.32
12.59
26.35
28.22
51.11
96.51
199.91
240.30
213.17
226.31
285.36
265.34
229.69
175.08
59.87
32.29
33.86
32.29
31.07
27.76
22.46
20.66
15.60
15.20
24.32
68.08
114.62
121.95
157.81
234.30
281.49
237.19
256.32
187.28
161.64
154.53
96.37
76.45
36.79
29.87
25.63
35.12
33.51
27.93
26.50
15.67
23.02
13.35
12.39
26.98
51.81
84.81
117.17
147.99
174.51
193.75
199.79
199.94
186.80
170.98
143.95
166.51
39.06
26.28
24.51
24.88
23.23
21.15
16.24
14.90
15.63
18.66
18.16
37.83
70.68
110.14
153.45
181.65
205.83
219.60
222.87
217.16
207.74
186.82
158.27
213.10
46.82
25.83
22.34
23.02
21.32
21.44
21.46
21.77
22.00
20.47
22.42
48.00
82.84
127.11
166.44
195.52
218.23
232.90
235.76
221.27
212.70
174.30
129.60
235.64
30.84
27.08
27.18
26.20
28.42
30.04
27.51
24.98
24.01
22.51
22.12
31.36
58.55
80.17
116.50
133.92
223.69
252.18
235.10
225.33
187.17
149.51
96.97
100.78
19.99
20.48
19.87
17.82
13.58
2.87
4.35
3.24
5.35
6.54
8.52
12.47
18.95
32.80
44.89
58.20
80.23
129.65
35.46
34.30
36.71
83.83
98.89
193.47
29.97
19.61
21.29
22.61
19.44
17.03
15.83
13.55
11.31
9.90
12.43
36.75
66.20
94.14
103.87
108.72
75.34
99.04
33.93
10.31
7.37
13.45
8.43
14.46
5.14
3.39
2.20
2.82
3.54
3.78
4.38
4.04
3.92
4.39
7.81
15.99
29.84
55.22
61.23
67.67
82.36
125.85
174.46
188.36
175.81
154.15
128.51
220.62
25.09
17.04
5.69
9.89
13.51
14.39
13.31
13.39
14.42
14.16
14.53
38.25
64.81
111.78
149.12
151.77
155.25
199.08
207.17
153.16
205.01
179.52
141.82
237.65
20.08
22.73
25.11
27.93
27.08
28.17
27.60
22.97
21.80
21.46
20.97
48.93
90.55
140.31
188.25
225.64
252.29
259.68
243.21
234.56
216.38
193.02
158.67
268.42
28.28
19.88
20.53
23.70
26.28
29.60
30.74
29.10
68.19
65.44
89.39
48.29
90.24
131.45
170.67
214.04
226.00
259.37
281.67
211.77
124.23
98.49
129.44
195.85
36.48
37.38
104.62
162.73
286.83
33.07
17.20
15.91
15.39
69.00
150.23
64.97
18.36
110.72
160.47
199.97
222.84
236.19
243.21
236.23
219.65
196.35
164.53
253.79
41.57
31.69
32.05
32.13
25.72
21.13
22.17
21.91
23.10
21.47
22.84
47.71
90.22
124.08
107.73
195.07
213.62
225.68
235.84
228.82
258.74
239.91
216.41
256.27
177.55
195.39
278.40
554.79
419.42
330.30
422.91
210.36
236.80
180.20
9.69
21.34
55.75
103.33
152.70
190.12
209.43
224.32
236.00
225.15
180.01
145.74
134.17
250.69
26.48
18.46
3.18
3.32
3.26
3.28
2.65
10.52
16.99
22.11
24.52
37.43
82.19
136.44
166.31
232.38
280.95
298.91
211.87
149.01
131.99
146.79
175.69
203.24
45.61
23.54
20.87
17.55
14.28
10.19
9.82
4.87
5.22
-0.80
6.71
16.78
69.40
111.28
155.20
195.13
208.35
250.88
261.91
198.79
248.15
220.32
185.99
277.18
60.17
45.64
36.61
40.42
45.83
47.29
55.67
4.79
2.17
4.64
4.00
8.64
14.65
25.47
38.56
64.04
84.44
92.83
162.78
134.30
130.02
136.70
173.39
256.04
47.36
29.69
29.77
28.71
28.47
26.63
23.40
23.77
21.27
18.26
16.91
41.20
86.08
133.47
182.90
234.55
282.42
308.57
304.61
307.30
307.58
309.69
291.99
141.36
114.26
41.44
47.89
47.02
48.04
44.52
38.51
33.85
28.78
22.93
17.25
38.02
83.65
116.05
128.17
116.05
138.47
196.27
241.13
268.01
264.35
232.25
176.90
73.37
55.68
29.77
25.86
24.05
26.46
30.00
24.55
18.94
12.75
5.46
11.94
30.59
59.06
96.84
138.37
176.89
205.35
215.44
220.65
125.72
206.20
177.89
141.40
29.31
24.74
27.51
23.41
19.95
22.16
21.26
22.24
22.17
20.85
215.53
17.16
63.53
34.27
204.83
61.95
208.25
232.88
250.02
264.63
255.33
234.69
205.72
171.00
48.24
34.84
33.92
75.57
26.65
42.78
27.72
28.25
27.59
28.13
27.33
26.95
54.14
108.83
160.49
232.29
274.80
302.72
306.16
165.48
285.87
276.09
286.74
194.82
74.29
454.46
342.82
39.73
47.46
48.93
95.33
49.18
191.04
200.06
146.50
46.08
65.37
128.36
169.93
229.54
258.39
235.99
229.16
431.39
278.77
308.89
287.06
128.90
61.47
52.61
90.38
168.70
68.75
48.69
31.14
19.09
16.41
41.37
83.81
194.88
283.06
96.19
95.68
89.69
112.59
42.04
11.74
90.65
112.82
102.64
25.39
107.51
24.02
22.64
18.97
17.14
17.11
14.11
5.28
9.56
15.87
16.70
14.32
11.64
13.73
73.97
89.01
156.19
146.95
70.64
151.93
22.78
88.10
51.74
41.05
28.24
12.83
10.86
8.09
7.08
8.26
10.13
10.53
9.31
7.59
8.05
18.53
16.85
53.29
111.71
259.33
393.91
425.77
321.99
477.40
216.58
140.24
191.97
166.09
141.43
118.86
25.81
13.53
38.75
76.62
19.87
37.46
79.09
79.21
106.60
63.56
16.65
29.42
70.88
117.39
153.78
182.08
204.53
219.84
231.47
215.50
181.43
181.94
145.19
50.28
32.75
39.82
39.32
43.26
42.46
37.88
31.14
29.49
22.00
60.13
116.77
61.16
123.97
196.91
226.26
123.14
285.83
303.15
300.59
290.61
269.43
234.77
188.32
63.10
38.39
33.77
29.95
73.74
102.89
61.08
87.31
24.46
26.27
26.12
82.59
69.71
40.85
154.31
218.89
279.71
330.37
346.02
161.99
316.89
280.43
240.80
193.07
58.54
35.17
35.18
33.43
31.57
32.55
34.33
38.78
40.45
32.18
24.08
14.38
40.23
110.62
182.37
244.39
287.26
317.68
329.38
316.19
297.33
269.90
234.99
186.16
49.58
29.29
31.85
31.88
36.84
39.04
39.64
42.32
41.94
33.71
29.64
23.57
40.25
80.33
164.64
241.95
282.07
285.11
276.62
280.14
275.01
280.47
280.13
251.85
183.27
103.26
143.36
118.09
89.82
75.83
91.24
89.28
90.18
59.14
41.57
38.95
57.55
121.55
207.94
279.91
316.46
319.34
325.88
118.69
257.86
189.12
125.49
123.64
45.14
28.50
11.07
25.22
41.86
40.77
41.25
44.84
43.77
42.72
37.35
29.59
43.83
101.71
102.20
185.72
153.51
346.85
364.15
156.01
214.90
242.19
257.78
213.07
86.76
53.56
37.89
32.50
34.29
28.93
20.69
11.42
18.60
21.07
23.99
20.03
28.78
62.79
105.24
200.83
286.13
327.13
341.12
360.32
318.77
282.33
253.19
199.63
75.77
52.64
49.37
57.38
59.35
59.14
49.43
38.96
33.25
30.64
29.02
26.23
38.31
46.34
147.63
178.76
270.75
309.83
341.04
83.13
93.25
98.65
134.63
116.75
51.08
53.07
59.72
78.36
91.11
83.10
70.47
50.38
40.63
38.64
33.56
16.20
20.57
54.90
96.07
153.10
194.24
223.11
218.55
119.76
101.95
74.00
66.18
45.33
20.59
17.10
14.03
12.90
12.23
10.80
9.78
11.03
10.40
11.09
10.84
12.48
19.24
40.96
81.18
74.81
88.68
183.33
164.12
138.85
160.28
183.46
148.66
111.54
30.36
16.98
19.67
17.93
15.15
14.40
16.85
14.34
11.90
11.07
10.72
10.17
13.96
48.48
94.80
151.54
199.12
144.21
165.14
292.46
273.14
243.60
206.02
169.82
59.89
34.96
35.10
32.05
30.41
40.89
39.26
19.86
8.91
10.28
11.02
11.20
13.03
21.23
37.47
40.75
59.47
68.62
30.58
111.25
115.37
88.21
100.11
96.23
32.37
20.41
22.32
38.86
29.51
32.11
38.72
31.70
53.07
119.59
145.78
217.22
55.76
136.66
155.41
326.59
311.26
222.73
286.59
373.73
350.03
594.16
266.74
186.36
140.46
15.51
32.45
23.64
44.83
15.48
18.80
20.73
19.75
20.31
18.28
18.16
17.47
44.81
96.85
145.39
188.36
214.59
212.14
240.78
233.63
209.54
180.65
141.91
40.59
32.50
32.20
36.26
54.74
44.56
45.42
33.85
22.79
23.21
24.25
31.22
38.95
34.32
63.44
114.51
208.73
286.39
333.38
294.31
283.00
257.84
222.05
168.83
50.71
183.33
248.78
58.33
50.81
47.93
49.78
287.44
100.88
515.39
309.85
171.36
147.20
208.51
271.63
554.43
425.50
378.66
406.82
282.27
395.57
354.33
294.28
223.17
90.33
49.23
47.30
53.95
49.58
40.38
28.13
16.01
21.42
21.98
19.12
21.21
27.36
43.67
37.78
79.36
130.02
177.79
270.59
309.64
296.79
266.18
226.12
182.15
85.47
53.02
43.82
36.10
36.67
58.71
41.27
23.36
36.59
22.18
15.43
16.51
18.23
75.08
104.68
64.02
141.10
182.02
160.54
117.63
149.16
184.20
143.32
134.87
62.86
53.21
36.34
29.33
23.63
21.88
32.14
46.16
46.04
17.26
17.71
74.60
132.41
140.08
167.39
175.91
218.22
241.29
273.82
187.62
108.51
150.87
77.09
245.75
86.51
146.22
207.00
176.21
144.68
226.54
88.66
49.12
16.55
19.73
19.30
20.22
21.91
53.69
100.80
154.21
195.54
218.65
226.17
189.19
222.98
225.91
206.28
319.11
78.04
53.28
57.28
71.15
83.20
67.61
46.89
55.03
48.79
46.75
51.74
36.46
42.38
80.88
139.95
186.61
243.65
262.79
255.85
312.40
253.48
275.00
261.71
349.96
115.61
82.62
55.70
40.96
24.46
20.31
18.30
16.74
16.20
71.17
13.46
13.13
83.46
87.25
21.35
86.95
99.37
63.29
155.02
120.09
106.77
165.05
141.87
236.38
25.52
35.15
36.92
29.01
32.38
42.69
42.50
47.15
70.55
88.86
73.60
48.70
9.47
19.83
36.65
76.49
75.11
166.77
260.94
227.79
257.17
196.48
160.07
255.61
64.26
39.61
26.35
19.98
16.69
14.32
23.48
6.83
6.73
6.56
6.94
7.05
7.04
22.72
51.08
89.52
130.06
125.91
158.13
196.88
158.40
150.12
109.07
106.37
36.65
22.78
20.32
22.60
23.22
30.97
34.74
23.32
18.65
14.86
14.52
10.90
10.34
26.48
28.63
45.09
57.26
63.00
58.44
133.78
121.30
96.57
75.84
83.81
25.78
25.19
13.30
5.85
4.15
7.62
9.33
8.51
6.54
6.20
6.20
6.41
6.41
12.11
17.98
21.95
28.16
36.07
42.35
58.58
50.50
51.45
43.27
59.70
18.98
15.04
13.46
16.27
15.77
13.00
9.22
8.70
8.55
9.40
9.57
9.93
9.64
23.62
47.95
69.19
61.79
68.96
74.27
89.51
90.47
90.36
111.42
189.82
29.76
20.08
19.06
17.18
15.15
13.92
9.98
8.64
7.27
7.14
6.88
6.19
4.11
22.40
56.82
60.37
107.81
96.65
112.13
156.99
153.39
138.64
116.31
196.01
25.21
19.05
8.67
2.43
2.56
6.92
7.55
9.75
15.95
18.54
19.09
19.40
22.03
49.33
95.08
141.38
178.18
200.33
209.15
205.86
203.52
209.79
165.05
80.36
53.74
39.46
41.32
46.04
45.08
43.55
43.40
41.00
40.68
36.97
37.85
41.28
38.67
81.40
124.13
154.17
210.36
256.16
295.73
277.90
265.50
240.47
203.32
77.26
56.48
41.42
40.15
42.71
44.09
41.83
35.42
31.87
31.14
36.90
32.41
25.94
14.87
32.59
66.00
102.14
136.16
185.63
200.87
118.14
138.65
98.98
99.67
38.72
34.55
33.70
29.02
23.90
19.52
16.10
16.19
16.07
14.14
15.27
11.79
10.23
11.91
32.94
52.61
74.46
105.21
131.39
141.44
152.34
151.20
130.34
124.77
48.18
40.55
25.93
22.62
20.34
17.65
18.78
17.65
17.69
15.51
13.12
10.33
8.92
9.00
17.72
44.40
81.77
109.39
125.57
137.23
163.78
188.63
143.36
119.78
21.54
18.19
18.23
15.29
16.08
19.55
22.06
23.12
23.42
22.02
21.79
20.97
19.12
19.09
45.02
80.83
123.79
157.17
180.96
190.20
188.38
179.61
164.00
140.16
44.72
28.84
34.89
47.83
91.88
119.38
77.60
63.12
28.74
34.65
33.22
31.70
28.09
25.15
48.36
91.60
136.29
178.23
215.21
235.68
219.43
217.22
202.55
167.00
51.02
37.90
23.83
16.58
12.41
10.28
9.25
10.29
8.23
5.76
7.10
4.93
6.24
8.66
19.83
43.64
79.48
122.09
156.54
171.98
121.92
151.98
139.70
115.86
26.80
21.23
24.67
24.39
121.07
53.04
39.81
512.44
21.61
23.44
22.57
25.01
21.78
19.26
43.01
76.54
125.74
158.59
181.87
223.79
79.77
177.33
216.23
50.89
45.78
22.54
25.93
37.98
24.01
27.66
27.95
28.66
29.81
30.57
28.81
26.68
22.42
21.50
37.45
79.76
131.40
171.77
203.38
221.23
207.36
193.25
167.66
137.31
33.36
24.71
33.40
33.45
30.01
7.32
19.24
14.46
12.76
12.10
9.84
17.33
21.80
16.23
21.72
55.27
121.65
163.39
195.81
213.28
202.60
190.75
162.68
125.71
14.48
24.24
25.71
23.05
21.19
23.52
26.73
29.00
26.73
26.07
25.83
55.36
21.89
26.31
136.36
144.87
65.26
215.65
257.98
277.04
271.91
261.13
232.25
191.93
72.78
55.61
90.85
59.94
91.76
26.44
29.28
26.69
24.68
24.56
20.26
15.29
13.16
10.68
26.20
68.96
131.62
187.44
227.69
246.75
246.59
235.69
210.05
161.06
31.98
3.74
18.81
31.42
32.30
29.82
23.02
15.23
13.89
13.70
11.36
1.64
10.83
14.20
32.34
94.53
146.84
190.86
215.19
226.29
92.79
89.56
112.42
117.16
8.73
20.45
33.29
34.26
27.03
21.87
23.97
26.75
32.82
30.54
24.42
20.94
16.08
14.77
27.55
47.86
84.23
127.11
160.00
194.46
199.11
198.22
181.01
156.03
74.54
59.02
39.46
33.79
38.21
49.06
52.67
47.84
45.95
45.09
43.03
51.80
75.84
54.32
107.30
307.34
297.03
260.86
185.68
204.80
174.89
215.57
194.72
166.14
83.78
53.77
36.64
35.35
36.60
34.90
31.51
33.24
33.28
30.59
27.59
27.79
26.44
25.44
39.01
70.06
92.86
108.10
128.00
147.96
166.89
166.68
153.37
129.38
50.43
30.26
29.29
29.79
28.05
26.54
26.29
24.69
25.43
24.03
24.10
22.46
19.08
17.96
38.62
68.38
103.57
132.31
162.34
178.72
177.56
171.60
153.73
126.10
44.70
29.24
26.19
24.92
25.51
24.83
25.25
24.67
22.56
23.80
25.10
20.99
17.30
14.70
20.86
46.55
91.69
135.55
157.84
169.22
171.25
157.15
134.75
99.64
13.66
18.95
16.58
13.16
15.96
19.05
20.90
23.73
22.70
22.56
22.15
19.75
18.10
19.26
22.99
58.47
100.51
137.90
174.90
202.76
195.47
187.37
168.30
137.56
50.78
34.80
34.90
35.47
37.74
37.22
41.25
33.99
24.89
17.44
12.96
12.64
12.15
12.45
20.76
56.15
105.38
146.71
172.25
185.38
205.88
153.72
140.35
127.72
63.10
39.89
24.31
25.32
25.10
32.17
35.78
29.11
27.83
40.42
34.70
29.56
20.97
17.19
15.43
54.38
86.07
92.60
88.80
94.47
168.41
130.80
116.74
75.53
46.47
40.87
40.67
32.98
24.13
16.29
9.81
11.54
14.84
10.67
9.44
9.97
20.12
16.13
19.23
33.11
61.66
89.24
113.52
128.24
86.96
74.49
69.79
71.74
44.22
40.41
28.63
25.06
21.78
16.33
113.07
195.78
353.58
298.60
333.30
230.73
241.63
242.76
171.53
115.71
91.22
41.10
19.35
34.15
37.28
28.42
23.66
40.60
30.26
8.83
5.62
5.69
5.60
7.24
7.04
4.11
6.19
6.81
7.20
7.59
7.61
7.57
8.78
14.71
16.47
22.46
27.20
44.54
97.77
103.45
85.28
134.02
28.83
20.38
14.42
18.87
15.98
15.28
16.28
14.22
13.46
13.13
12.27
10.83
11.14
10.66
26.62
40.27
24.42
80.55
98.57
119.95
71.27
113.89
104.74
166.99
33.58
20.36
18.59
21.05
16.93
17.92
12.61
10.56
9.11
50.31
50.56
20.92
35.07
34.42
6.98
25.31
43.96
92.62
87.71
10.98
49.27
44.03
21.44
34.91
93.61
19.91
3.65
5.23
5.26
5.88
6.03
6.02
25.32
24.60
22.21
20.65
20.54
19.97
20.57
37.83
68.99
94.66
120.25
137.42
145.25
144.27
132.76
201.44
42.26
25.34
25.86
25.66
26.55
29.45
26.77
24.87
16.98
67.76
32.35
32.38
21.64
15.81
20.83
57.59
98.25
135.13
158.64
171.97
177.45
180.19
164.27
238.14
62.89
38.20
40.27
58.50
63.53
60.79
55.19
44.79
48.37
54.68
58.09
56.66
57.60
61.49
71.32
109.81
138.15
146.63
147.52
218.39
129.46
225.23
202.43
204.47
112.48
27.50
5.04
2.60
4.78
165.37
74.58
17.73
44.22
7.05
5.37
6.89
82.57
91.24
106.81
112.07
46.55
10.49
54.44
73.81
84.04
90.86
82.34
140.40
25.72
16.62
14.30
11.69
12.15
10.15
8.16
59.58
43.58
22.53
35.39
60.48
30.64
63.57
111.52
68.18
14.39
47.71
65.33
97.81
42.13
45.09
79.58
129.39
32.27
63.92
235.68
198.56
75.21
14.43
10.37
9.50
13.66
13.66
14.50
12.01
11.73
11.08
10.82
22.89
36.26
79.89
41.03
53.38
107.67
145.00
523.00
36.08
35.18
27.87
22.18
17.95
12.50
9.22
6.92
5.45
5.15
22.07
20.43
48.10
14.18
21.50
12.35
6.22
25.01
44.26
68.74
78.86
40.58
38.37
44.31
15.19
13.45
11.00
9.75
9.85
9.79
9.74
9.22
8.70
10.51
10.10
10.40
10.12
9.48
9.91
10.79
23.12
46.89
73.38
101.00
133.78
131.83
128.20
112.37
44.25
33.77
17.07
15.87
13.58
14.00
16.15
17.99
16.17
15.36
14.13
14.57
15.17
14.86
14.24
16.06
32.39
57.94
87.18
111.52
128.22
131.52
130.98
119.51
61.74
42.09
28.09
26.63
23.99
23.48
22.56
20.55
19.91
20.42
20.71
18.47
17.37
18.80
20.48
19.81
29.56
48.16
70.59
85.68
93.83
88.83
85.40
77.15
28.08
19.05
20.47
18.73
22.08
25.46
25.15
24.13
21.27
19.44
18.07
17.63
17.25
15.49
15.84
15.46
27.32
44.93
58.47
67.48
49.59
80.77
78.02
47.36
35.66
34.10
11.59
9.66
9.04
8.41
8.13
5.22
4.26
5.65
5.19
4.88
4.95
4.60
62.70
9.81
230.17
92.27
57.37
43.20
66.82
22.64
28.57
197.29
401.17
110.57
73.12
142.04
200.23
193.12
6.72
7.78
8.31
24.03
5.59
5.43
4.89
4.15
3.96
21.61
5.62
31.29
10.36
29.39
28.39
69.97
60.76
53.32
29.25
28.91
24.46
11.96
11.01
8.80
7.66
6.06
7.88
8.30
8.75
8.62
7.02
9.39
11.04
10.24
14.16
21.63
34.79
46.38
64.39
75.35
77.94
74.84
30.63
26.01
15.32
13.93
18.17
18.18
12.97
11.64
11.10
11.20
11.28
10.82
11.02
11.80
11.32
13.57
29.13
49.33
68.99
94.54
107.32
95.96
106.04
74.05
36.42
12.14
13.82
14.97
7.58
11.29
6.95
6.25
5.60
5.55
4.77
4.78
6.50
6.58
19.48
9.84
7.96
24.30
40.44
60.80
73.74
76.19
71.69
61.17
15.85
12.42
12.92
12.01
11.24
12.58
13.10
10.61
9.39
8.48
6.43
2.59
2.14
2.01
3.12
3.75
15.81
37.44
55.29
67.44
74.87
57.76
63.36
38.33
11.40
11.50
10.76
10.15
8.63
8.11
7.90
8.63
11.23
10.30
9.58
8.45
7.84
8.06
7.93
7.35
17.73
32.68
60.63
76.97
87.33
83.08
79.88
72.48
23.91
16.39
16.40
19.22
19.73
22.60
22.73
22.15
22.42
21.55
23.87
19.56
23.12
44.13
46.73
319.74
243.42
247.34
355.45
97.57
18.44
28.28
25.62
25.65
22.56
24.56
24.48
27.23
27.62
26.10
27.21
26.84
26.84
27.83
30.97
36.26
30.63
27.90
23.68
22.88
39.30
55.02
75.56
104.97
99.57
146.95
146.87
127.24
60.13
42.95
43.59
36.88
519.96
144.38
55.22
-1.46
161.93
139.31
63.65
32.64
481.09
49.76
19.28
27.39
35.57
44.34
116.06
67.21
125.57
129.11
111.28
86.40
75.59
73.60
11.78
241.12
47.69
27.81
9.24
8.87
8.81
24.83
8.71
8.73
9.09
22.10
12.40
10.30
12.11
19.27
34.43
70.90
92.53
113.81
111.55
83.28
50.33
33.98
28.72
22.33
18.67
16.25
11.48
8.64
5.86
39.31
40.17
4.05
4.04
15.51
3.03
4.16
6.99
11.33
30.97
41.88
50.42
61.53
58.47
48.20
10.52
10.32
12.21
12.32
11.73
13.04
13.20
12.84
13.58
13.95
14.16
13.60
12.78
13.45
13.14
11.68
19.97
38.05
58.27
78.73
85.20
89.45
83.15
74.23
26.37
17.40
15.71
15.21
16.23
17.23
17.41
16.79
15.02
14.23
13.50
13.10
12.40
11.75
11.64
11.73
15.86
30.04
51.81
72.58
91.18
85.21
84.67
75.12
26.84
15.77
19.08
19.55
18.29
21.03
19.45
15.33
12.33
10.94
9.88
8.93
8.55
4.82
3.51
19.54
88.72
3.41
20.26
36.36
50.99
45.99
58.83
69.75
26.40
14.22
11.35
10.40
9.24
9.13
9.59
8.94
8.40
8.57
8.35
8.74
8.59
8.67
8.50
7.96
12.82
29.37
46.13
69.08
81.49
71.02
65.34
52.64
10.82
7.63
7.91
8.77
14.00
15.51
15.56
13.91
14.93
13.37
11.95
12.33
12.30
12.63
11.32
11.90
12.80
21.80
42.33
58.92
71.57
75.43
76.42
66.92
24.78
14.20
15.40
16.32
16.90
17.43
17.52
19.09
19.51
17.41
15.32
14.97
13.00
13.43
16.35
14.39
31.73
9.51
48.58
67.37
78.28
81.43
83.50
77.97
34.61
23.27
33.81
35.16
37.20
39.71
38.37
37.45
29.23
26.10
25.50
25.05
22.81
22.26
21.16
27.35
41.48
68.03
87.94
97.83
71.72
95.67
65.00
56.55
31.33
12.75
19.65
19.17
17.36
23.16
18.55
21.45
17.14
28.73
27.39
9.52
11.18
9.67
9.76
10.31
13.13
28.96
57.01
75.92
45.03
105.13
103.21
138.51
51.62
38.77
38.01
47.84
45.96
42.99
37.43
54.11
26.47
5.02
5.78
166.28
195.26
126.27
75.50
23.95
5.99
9.88
31.08
49.43
64.25
56.30
49.05
59.37
631.78
628.24
12.85
8.94
9.53
26.61
7.97
8.66
8.49
7.83
8.20
8.09
7.18
23.45
57.08
6.20
7.65
30.90
19.10
51.57
54.33
123.20
241.09
126.83
76.10
5.58
3.82
3.34
7.88
7.21
6.70
5.81
4.70
4.12
3.97
4.51
23.99
159.25
92.02
113.79
34.47
45.35
135.08
139.55
44.08
14.77
10.87
66.13
18.20
12.93
6.05
1.36
2.26
2.97
3.55
3.62
3.89
71.58
60.41
39.83
12.19
4.90
6.61
23.91
108.93
5.96
335.05
277.08
10.65
29.02
35.87
42.67
18.27
15.24
15.51
29.54
10.80
8.52
6.03
39.05
22.76
22.03
55.11
3.48
3.05
3.27
3.43
3.14
3.71
8.13
10.85
16.50
24.72
37.43
35.24
48.40
15.39
14.15
11.79
11.56
12.37
7.64
5.81
4.98
5.44
6.12
6.58
6.75
5.91
5.31
5.16
5.18
5.74
7.71
10.50
16.42
28.41
59.39
58.50
93.54
19.72
14.19
16.84
17.69
16.26
12.48
11.63
14.14
15.03
16.19
12.55
12.92
12.69
16.66
12.03
10.37
15.91
20.46
42.05
42.99
20.09
35.81
39.63
68.92
17.83
18.82
15.40
10.83
10.15
7.30
5.48
6.15
6.12
6.57
6.53
6.25
6.26
5.94
5.19
5.62
5.65
10.52
19.00
27.40
34.54
38.42
36.39
62.92
7.26
5.00
2.71
2.78
3.83
6.51
6.76
5.44
5.78
6.17
5.70
5.08
4.78
4.65
6.97
7.84
9.48
18.86
26.08
31.93
42.11
67.78
65.68
94.04
21.75
12.20
10.59
10.21
10.73
10.76
11.44
11.33
11.45
10.47
10.44
9.73
9.33
6.13
2.42
2.07
3.15
10.81
20.64
31.03
37.39
42.23
38.38
5.77
3.70
2.98
5.31
6.08
5.97
5.39
4.10
2.02
2.05
4.72
6.16
3.90
-1.43
4.02
3.59
4.73
4.82
29.91
18.79
37.98
43.90
41.70
39.07
8.39
8.08
8.20
6.45
7.29
7.58
9.75
9.57
9.96
10.74
12.12
12.46
10.84
9.96
8.31
8.38
8.83
8.43
13.47
22.16
33.64
42.94
46.38
43.63
8.17
9.30
9.25
14.63
15.75
15.62
14.76
16.62
16.79
16.96
16.55
17.59
17.09
17.35
17.59
14.97
12.29
17.02
21.66
22.54
27.27
41.53
18.62
10.88
5.97
38.85
2.71
0.91
0.27
16.79
-0.65
-0.52
11.04
2.10
0.96
0.01
0.49
7.81
31.32
14.16
1.31
3.25
8.48
15.58
25.64
34.01
42.46
45.95
21.16
13.93
6.68
8.71
9.45
7.04
4.61
4.32
4.88
5.24
5.88
5.21
5.05
5.62
5.62
6.60
6.80
6.80
9.63
18.33
31.85
42.65
43.36
46.02
20.28
14.07
8.53
7.99
8.19
7.31
6.59
6.75
6.78
6.15
6.25
6.75
6.56
6.17
6.08
6.14
5.13
3.70
5.09
13.03
20.99
27.93
30.35
9.99
4.52
5.29
6.12
5.92
5.35
5.53
22.06
4.49
5.04
21.49
3.87
3.38
20.46
3.78
3.97
3.93
4.01
4.95
23.81
26.72
10.85
23.29
38.01
39.12
17.04
16.39
13.11
13.35
12.00
8.87
6.08
3.99
19.48
2.01
1.94
2.63
3.19
2.73
2.62
2.61
2.96
3.60
6.39
15.72
26.34
34.95
43.57
41.97
14.76
13.00
7.48
7.70
7.44
4.66
4.54
4.69
4.28
4.40
5.18
5.38
6.24
5.90
5.92
4.94
4.92
4.70
27.45
12.46
45.46
27.36
21.10
30.82
13.36
8.78
22.53
4.71
3.54
3.31
3.03
2.37
1.01
2.26
1.53
1.45
1.89
1.81
2.67
2.69
2.89
3.51
4.31
5.66
9.21
13.94
34.12
30.19
3.86
3.94
3.63
5.23
6.35
6.43
6.41
6.54
6.26
5.77
5.80
5.71
4.37
4.13
3.98
3.82
3.95
21.55
22.97
4.72
7.17
7.73
26.25
23.67
6.00
3.87
1.88
17.70
0.93
1.75
35.60
71.99
45.98
24.86
3.44
21.35
5.56
5.44
5.19
6.29
7.15
6.18
10.50
17.75
24.92
31.62
44.73
46.90
27.42
22.70
16.99
13.48
10.64
8.53
7.30
6.86
6.63
6.29
6.80
7.06
7.68
8.10
7.18
6.99
6.69
6.28
8.47
15.92
25.06
30.39
33.85
31.61
10.69
7.21
7.20
6.64
6.87
7.55
7.10
6.21
5.17
4.65
4.97
4.38
4.03
4.36
3.47
3.28
3.04
2.81
6.42
14.08
18.55
22.28
33.94
34.28
13.30
8.21
6.30
6.46
6.27
6.63
6.99
7.97
8.24
7.96
7.12
6.49
5.76
4.69
4.28
4.13
3.30
2.75
4.58
11.13
15.42
20.50
25.40
23.80
8.50
5.62
1.70
5.16
5.78
4.90
5.59
4.92
4.42
4.33
3.40
2.25
2.27
1.75
1.53
1.68
2.50
3.13
5.02
8.45
12.42
21.49
27.09
24.68
53.48
120.75
82.61
31.99
15.91
33.14
16.86
13.37
39.01
23.99
37.13
84.42
22.26
5.37
5.14
4.84
4.29
4.36
6.35
22.96
4.97
26.49
6.05
8.11
4.66
5.32
4.93
4.41
4.36
3.80
5.25
5.10
4.20
4.06
-26.72
33.84
3.75
4.15
-11.37
19.73
3.51
3.55
4.90
5.68
8.54
10.02
11.08
10.97
5.46
6.49
6.65
6.90
7.08
6.27
3.76
3.27
3.78
3.31
3.87
4.47
6.83
-69.91
29.59
24.03
21.88
31.35
22.90
11.37
12.09
11.09
55.41
62.01
42.85
41.61
26.25
20.71
35.43
19.11
19.09
19.67
36.04
20.55
36.84
20.58
22.10
6.14
21.75
25.08
58.56
56.79
6.18
11.54
138.06
204.19
191.80
269.67
168.83
-18.30
-16.62
44.37
35.27
-20.36
-20.15
-35.96
-36.80
33.59
102.62
156.36
115.30
105.57
100.14
6.07
7.33
6.50
10.29
17.43
22.95
75.64
10.41
22.08
11.55
3.12
-0.56
-4.68
-5.10
11.15
114.62
99.16
0.88
14.76
3.71
4.66
31.14
3.07
-11.61
12.96
8.10
3.36
6.91
22.83
46.67
12.48
26.73
27.30
19.27
13.57
9.50
10.28
33.70
5.11
4.73
3.45
16.90
3.18
3.02
2.53
1.28
2.91
3.55
4.91
8.76
10.97
15.88
24.38
26.39
30.86
31.26
30.34
22.64
20.07
14.62
15.29
17.75
20.40
22.73
19.73
38.93
73.77
85.77
269.41
188.09
165.38
91.63
132.51
145.73
88.51
39.40
-1.53
60.45
56.99
180.57
179.07
6.60
15.60
-9.64
-6.44
206.39
2.56
3.00
4.58
1.07
2.05
7.24
7.49
6.37
5.63
5.76
5.61
6.53
18.84
20.85
62.62
47.76
50.82
8.72
17.49
5.37
3.88
4.45
3.70
3.35
3.91
4.05
3.41
3.56
3.32
3.13
3.51
3.27
3.00
2.46
2.40
2.24
1.99
2.72
6.61
11.27
13.19
10.81
10.60
6.73
4.70
4.43
6.25
6.49
5.97
7.14
6.43
6.41
12.15
108.68
170.94
64.26
15.35
4.57
-10.23
-8.38
28.06
18.73
5.46
12.09
20.21
25.06
25.71
13.67
4.54
2.43
3.32
4.71
5.96
7.80
15.75
12.60
18.56
29.87
40.45
115.86
79.05
8.97
4.63
0.85
0.13
1.84
7.74
9.16
9.78
6.70
9.92
2.95
1.63
1.73
1.50
1.65
1.31
1.15
0.90
0.68
1.20
1.39
2.44
2.00
3.35
4.18
4.06
4.47
5.17
7.19
9.68
10.75
39.58
11.61
21.80
10.75
9.25
57.20
119.98
124.65
92.95
66.79
69.28
41.73
16.94
3.57
5.34
6.62
6.13
5.10
5.29
5.01
7.62
12.67
21.82
29.63
37.02
38.28
35.01
11.41
12.38
7.38
57.27
14.40
4.18
4.19
3.40
-6.17
8.87
15.51
16.72
6.27
11.18
10.60
7.98
4.85
2.67
5.05
7.79
13.64
16.43
12.56
12.41
2.65
16.50
15.44
1.42
2.27
2.41
1.64
1.92
3.15
3.22
4.43
4.67
4.26
5.03
4.73
5.01
5.24
6.10
7.96
10.09
28.54
129.04
46.66
56.20
62.37
46.40
18.71
4.88
30.12
28.48
27.37
13.94
0.57
0.40
27.07
-0.13
13.09
-0.26
-0.18
0.07
0.66
1.05
1.43
3.19
4.88
7.57
13.97
13.38
1.44
0.90
0.47
1.64
0.56
-0.18
-0.28
-1.28
2.17
1.22
0.47
0.36
0.58
0.40
0.12
-0.14
-0.05
0.44
1.13
87.31
12.13
8.02
10.58
11.73
2.38
1.47
0.90
0.83
0.98
0.76
0.64
0.57
1.46
1.61
1.33
1.12
1.06
1.33
1.07
1.56
1.64
1.29
2.85
6.17
11.92
17.33
11.54
11.64
0.86
1.39
1.10
1.51
2.21
2.40
1.99
1.10
-0.95
-25.02
9.70
11.80
3.48
4.71
3.05
1.99
1.99
2.34
2.19
5.78
9.99
9.24
8.40
6.10
1.42
1.40
0.89
-9.36
1.87
-0.26
8.73
0.30
0.39
0.82
0.64
1.33
1.46
1.07
1.38
1.99
1.88
15.40
28.92
17.21
3.41
10.50
8.79
10.34
4.42
2.76
1.90
2.72
2.02
1.84
2.65
3.41
3.45
2.83
2.91
3.28
3.16
2.95
2.69
2.62
2.08
1.32
1.40
4.87
8.36
7.24
23.74
19.31
5.07
3.14
2.30
1.72
1.74
1.27
0.66
0.12
0.26
0.42
0.68
1.27
2.04
2.19
2.33
2.64
2.43
2.59
3.28
4.44
6.55
11.05
7.83
8.07
4.82
4.89
5.44
5.36
4.76
4.17
3.85
3.34
3.19
2.88
2.75
2.40
7.91
6.69
4.27
4.73
4.23
3.73
4.37
5.76
8.06
14.91
19.75
18.61
7.92
6.57
5.13
5.17
5.49
5.71
7.67
7.73
7.10
7.72
7.93
7.56
7.11
7.27
7.78
7.95
7.34
6.99
8.40
10.01
14.80
19.94
24.43
23.40
9.75
7.05
6.69
6.60
6.89
6.49
6.71
7.01
7.05
7.42
8.01
8.42
8.37
8.76
8.62
8.99
8.81
8.78
10.26
11.78
20.00
23.67
23.86
22.99
11.93
8.37
7.93
8.36
10.18
11.47
12.44
12.41
10.08
9.59
12.07
10.46
10.17
12.58
12.94
18.64
21.31
20.26
19.89
15.34
12.13
14.31
21.32
16.63
4.73
2.94
-0.95
1.35
4.19
4.43
1.38
0.03
-0.16
0.47
0.11
0.51
92.50
60.94
14.35
2.67
-0.72
-0.74
0.03
1.78
2.88
7.67
22.26
23.97
8.07
4.90
1.40
0.72
-0.85
-1.06
-1.30
16.10
1.38
-8.26
-15.13
-15.42
-9.14
14.09
57.08
90.63
235.79
242.38
179.39
150.15
277.49
220.23
0.67
20.96
19.77
5.18
8.15
10.27
11.10
11.17
14.63
17.76
20.87
22.47
22.38
22.00
19.86
18.46
13.80
9.04
6.96
8.19
10.13
11.81
12.36
14.30
12.30
10.88
-0.32
-2.78
-3.86
-1.30
-0.46
0.22
-0.18
1.37
3.09
30.33
81.73
95.85
22.94
12.78
37.37
9.39
11.36
6.85
14.27
7.55
-1.85
5.51
17.44
19.28
5.61
3.83
3.37
7.73
18.98
42.56
81.11
145.50
125.72
38.95
17.22
-1.78
-1.29
-0.08
-0.25
41.66
106.63
206.41
221.10
160.46
96.61
84.77
67.95
25.87
32.44
152.35
378.31
40.18
14.59
17.71
57.26
222.11
104.73
181.71
77.29
89.14
36.22
22.60
8.59
6.91
4.91
3.61
1.65
2.56
8.57
22.86
15.91
17.60
9.88
5.82
4.12
2.40
106.68
161.63
60.30
-2.70
-3.57
-5.14
-4.90
-1.70
1.18
0.82
1.41
0.95
-0.23
-2.15
-2.97
-0.43
4.41
11.50
30.18
24.59
13.57
9.34
5.22
2.53
0.62
1.42
0.84
-0.02
-0.67
-0.46
0.01
-0.05
0.47
1.19
1.63
1.84
2.22
2.43
3.20
4.42
9.57
17.65
32.90
29.18
13.91
9.89
3.80
4.29
1.74
1.36
1.28
1.87
2.23
1.81
1.77
1.81
1.79
2.62
2.56
2.27
1.99
1.69
1.94
3.41
5.86
13.25
27.52
26.31
7.07
4.09
2.30
3.29
3.54
3.75
5.53
6.80
7.24
8.28
10.31
9.40
8.82
10.60
12.42
16.07
16.13
12.95
15.41
24.83
25.33
33.01
31.95
48.64
28.15
28.82
28.91
20.14
19.28
14.23
11.14
8.21
8.61
14.26
15.05
50.21
86.62
46.85
19.48
6.21
5.96
5.38
8.12
15.27
44.04
108.10
65.14
26.58
23.42
22.81
30.11
11.20
11.78
11.54
12.61
11.09
9.31
44.32
114.29
225.77
142.66
138.20
131.31
112.37
73.78
118.24
115.82
105.87
102.06
77.49
111.35
163.39
263.02
113.61
5.71
31.95
124.69
98.46
111.57
86.17
148.53
142.67
133.89
296.21
127.75
26.95
11.45
19.06
12.17
12.19
14.16
24.03
35.81
41.75
44.25
42.79
34.18
27.83
34.60
29.18
26.28
9.73
9.02
7.22
6.50
5.87
6.20
6.09
5.98
5.71
6.40
5.47
5.18
4.86
5.10
8.64
11.78
27.38
10.61
27.93
13.34
9.25
6.61
6.29
7.94
7.76
7.77
6.65
5.97
5.52
5.62
5.98
6.60
6.78
8.29
10.65
11.72
12.89
12.89
78.36
89.54
148.48
136.15
166.21
123.73
115.15
76.51
40.08
75.00
111.91
22.46
77.78
8.57
22.60
24.36
2.95
51.24
42.21
45.95
45.67
39.28
40.64
41.00
9.50
8.71
16.06
18.81
21.54
16.50
13.48
11.59
10.08
23.23
95.30
144.61
177.48
179.68
120.77
63.99
61.92
53.35
354.35
66.73
8.47
8.96
10.20
9.68
18.49
31.29
51.13
23.88
24.34
17.22
40.72
9.45
8.76
7.73
6.81
5.60
5.13
3.71
2.96
2.91
2.65
2.66
2.76
2.56
1.95
2.15
2.22
2.94
4.45
6.73
11.69
15.58
12.54
3.22
3.27
3.20
2.80
2.13
1.84
1.62
1.38
1.68
2.96
2.30
2.52
2.81
3.36
4.40
4.42
4.14
4.65
5.59
8.00
11.71
15.96
19.92
19.51
5.61
2.86
4.18
3.95
3.61
4.09
4.12
3.96
3.68
3.78
3.63
3.13
2.24
1.61
2.44
2.62
2.21
2.28
2.94
6.16
9.76
13.66
18.47
18.40
4.21
4.65
3.75
3.94
3.47
2.28
1.96
1.95
1.96
1.78
1.83
1.88
1.50
1.70
1.77
1.63
1.49
1.60
2.69
7.83
15.75
20.33
20.06
18.69
1.48
1.76
2.70
2.10
3.13
3.56
1.82
3.17
3.89
3.98
4.71
5.45
5.09
3.83
1.95
1.36
0.92
1.05
3.28
8.69
14.46
18.75
25.60
23.38
4.68
3.16
2.75
2.19
2.58
2.90
2.21
1.44
2.17
3.50
3.85
3.84
3.79
3.95
4.01
5.08
4.72
2.96
2.80
3.98
11.75
16.34
25.26
25.28
7.86
6.07
3.64
3.86
3.73
3.99
3.85
3.66
3.60
2.10
2.30
2.56
3.20
3.91
4.90
6.17
6.97
10.10
12.15
11.59
11.40
15.18
20.00
22.40
28.78
10.81
5.13
43.39
109.30
42.10
3.37
3.32
2.28
34.17
64.54
56.90
22.57
2.93
23.15
3.79
3.38
3.56
5.28
9.80
18.61
26.16
29.00
28.18
15.06
14.34
5.87
2.80
0.28
1.21
1.79
2.25
2.01
1.49
0.87
0.66
0.85
1.55
3.64
4.30
3.94
2.84
4.98
9.04
14.13
18.33
18.75
16.49
5.45
6.88
6.16
5.98
5.56
5.04
4.87
4.75
4.90
4.62
3.84
3.64
4.27
4.94
6.10
7.11
7.08
-46.41
58.83
7.49
16.51
23.89
26.32
30.63
19.85
28.02
60.70
47.23
18.94
4.45
5.34
103.67
94.23
40.86
2.33
2.68
3.42
3.69
3.77
4.31
4.34
4.73
6.24
13.19
37.30
26.61
44.20
42.68
31.78
29.83
19.56
13.32
9.75
9.01
7.97
7.97
8.55
8.82
8.50
7.67
7.03
6.30
6.57
6.65
7.67
7.84
8.89
15.85
22.40
24.32
11.93
13.20
7.76
7.70
4.57
2.94
3.25
2.99
2.51
2.61
1.96
1.47
13.94
48.99
51.97
69.06
83.18
88.52
79.93
81.62
66.04
13.67
11.53
20.08
14.93
15.16
8.83
9.03
6.37
5.05
4.13
2.82
1.96
1.38
1.17
1.05
1.19
1.33
1.39
1.51
1.48
1.43
1.40
1.55
2.09
4.29
6.05
8.79
18.97
17.93
4.73
6.04
7.04
6.12
7.27
5.66
5.77
5.84
3.42
3.99
3.76
2.76
1.43
1.60
2.58
2.84
3.41
2.88
3.55
6.56
15.85
23.33
30.92
30.43
10.41
7.71
4.35
3.99
4.03
4.62
4.90
5.09
4.85
5.32
5.63
4.99
3.70
2.41
1.34
1.17
1.85
2.64
3.61
7.91
12.47
17.00
23.83
23.92
4.96
2.89
4.20
4.94
5.71
5.52
5.31
5.09
4.92
4.46
4.10
3.99
3.88
3.60
3.64
3.31
3.39
3.15
3.27
5.56
9.38
13.46
21.17
21.85
9.11
8.14
5.28
4.22
3.77
4.03
4.04
4.04
3.85
3.69
3.07
5.30
9.79
14.19
18.39
21.25
24.57
29.85
31.68
35.49
39.00
39.53
23.66
50.83
79.60
86.50
97.83
69.42
64.96
32.43
-39.80
-5.10
-9.29
9.05
-4.81
15.08
15.41
-28.53
36.76
12.58
5.13
5.04
4.93
12.99
23.03
30.17
42.63
47.63
28.00
24.61
13.23
7.74
7.17
8.78
10.37
8.67
5.37
2.66
2.82
2.18
2.08
2.26
2.58
2.75
2.68
2.82
3.85
9.36
17.91
33.49
22.13
29.93
20.71
16.98
11.49
6.62
1.74
2.07
2.48
19.00
3.95
14.04
13.15
15.54
16.44
12.78
8.37
7.48
5.63
6.04
9.19
19.27
32.56
48.20
53.36
42.31
24.51
22.38
14.39
10.50
9.80
9.55
9.08
8.81
8.68
9.19
9.57
12.81
12.71
12.52
10.53
20.68
99.68
128.49
92.22
16.74
25.82
33.73
65.44
38.62
34.07
24.72
16.62
10.14
7.52
6.90
8.47
22.32
24.07
