14      0.0391  0.5727  0.0534  2.3026  1.7393  0.0673  0.0052255       0.2996  0.2106  6.7522  1.0915  0.8615
15      0.0372  0.5727  0.0534  2.3026  1.7393  0.0673  0.0052255       0.2996  0.2106  6.7522  1.0915  0.8615
16      0.0391  0.6014  0.0534  2.3026  1.7393  0.0673  0.0052255       0.2996  0.2106  6.7522  1.0915  0.8615
17      0.0391  0.5727  0.0462  2.3026  1.7393  0.0673  0.0052255       0.2996  0.2106  6.7522  1.0915  0.8615
18      0.0391  0.5727  0.0534  2.1874  1.7393  0.0673  0.0052255       0.2996  0.2106  6.7522  1.0915  0.8615
19      0.0391  0.5727  0.0534  2.3026  1.6918  0.0673  0.0052255       0.2996  0.2106  6.7522  1.0915  0.8615
20      0.0391  0.5727  0.0534  2.3026  1.7393  0.0588  0.0052255       0.2996  0.2106  6.7522  1.0915  0.8615
21      0.0391  0.5727  0.0534  2.3026  1.7393  0.0673  0.0067956       0.2996  0.2106  6.7522  1.0915  0.8615
22      0.0391  0.5727  0.0534  2.3026  1.7393  0.0673  0.0052255       0.2846  0.2106  6.7522  1.0915  0.8615
23      0.0391  0.5727  0.0534  2.3026  1.7393  0.0673  0.0052255       0.2996  0.2211  6.7522  1.0915  0.8615
24      0.0391  0.5727  0.0534  2.3026  1.7393  0.0673  0.0052255       0.2996  0.2106  7.0898  1.0915  0.8615
25      0.0391  0.5727  0.0534  2.3026  1.7393  0.0673  0.0052255       0.2996  0.2106  6.7522  1.1461  0.8615
26      0.0391  0.5727  0.0534  2.3026  1.7393  0.0673  0.0052255       0.2996  0.2106  6.7522  1.0915  0.8185
27      0.0969  0.6189  4.1252  1.4320  0.0067  0.0009  0.0099125       0.4106  0.1182  5.9571  2.6737  0.9521
28      0.1018  0.6189  4.1252  1.4320  0.0067  0.0009  0.0099125       0.4106  0.1182  5.9571  2.6737  0.9521
29      0.0969  0.6498  4.1252  1.4320  0.0067  0.0009  0.0099125       0.4106  0.1182  5.9571  2.6737  0.9521
30      0.0969  0.6189  4.4281  1.4320  0.0067  0.0009  0.0099125       0.4106  0.1182  5.9571  2.6737  0.9521
31      0.0969  0.6189  4.1252  1.3604  0.0067  0.0009  0.0099125       0.4106  0.1182  5.9571  2.6737  0.9521
32      0.0969  0.6189  4.1252  1.4320  0.0086  0.0009  0.0099125       0.4106  0.1182  5.9571  2.6737  0.9521
33      0.0969  0.6189  4.1252  1.4320  0.0067  0.0006  0.0099125       0.4106  0.1182  5.9571  2.6737  0.9521
34      0.0969  0.6189  4.1252  1.4320  0.0067  0.0009  0.0124846       0.4106  0.1182  5.9571  2.6737  0.9521
35      0.0969  0.6189  4.1252  1.4320  0.0067  0.0009  0.0099125       0.3901  0.1182  5.9571  2.6737  0.9521
36      0.0969  0.6189  4.1252  1.4320  0.0067  0.0009  0.0099125       0.4106  0.1241  5.9571  2.6737  0.9521
37      0.0969  0.6189  4.1252  1.4320  0.0067  0.0009  0.0099125       0.4106  0.1182  5.6593  2.6737  0.9521
38      0.0969  0.6189  4.1252  1.4320  0.0067  0.0009  0.0099125       0.4106  0.1182  5.9571  2.5400  0.9521
39      0.0969  0.6189  4.1252  1.4320  0.0067  0.0009  0.0099125       0.4106  0.1182  5.9571  2.6737  0.9997
40      0.1951  0.6480  1.5601  4.3457  0.0112  0.0017  0.0003049       0.4810  0.1760  6.2900  2.8471  0.5797
41      0.1854  0.6480  1.5601  4.3457  0.0112  0.0017  0.0003049       0.4810  0.1760  6.2900  2.8471  0.5797
42      0.1951  0.6804  1.5601  4.3457  0.0112  0.0017  0.0003049       0.4810  0.1760  6.2900  2.8471  0.5797
43      0.1951  0.6480  1.5258  4.3457  0.0112  0.0017  0.0003049       0.4810  0.1760  6.2900  2.8471  0.5797
44      0.1951  0.6480  1.5601  4.1284  0.0112  0.0017  0.0003049       0.4810  0.1760  6.2900  2.8471  0.5797
45      0.1951  0.6480  1.5601  4.3457  0.0140  0.0017  0.0003049       0.4810  0.1760  6.2900  2.8471  0.5797
46      0.1951  0.6480  1.5601  4.3457  0.0112  0.0023  0.0003049       0.4810  0.1760  6.2900  2.8471  0.5797
47      0.1951  0.6480  1.5601  4.3457  0.0112  0.0017  0.0004571       0.4810  0.1760  6.2900  2.8471  0.5797
48      0.1951  0.6480  1.5601  4.3457  0.0112  0.0017  0.0003049       0.4570  0.1760  6.2900  2.8471  0.5797
49      0.1951  0.6480  1.5601  4.3457  0.0112  0.0017  0.0003049       0.4810  0.1848  6.2900  2.8471  0.5797
50      0.1951  0.6480  1.5601  4.3457  0.0112  0.0017  0.0003049       0.4810  0.1760  5.9755  2.8471  0.5797
51      0.1951  0.6480  1.5601  4.3457  0.0112  0.0017  0.0003049       0.4810  0.1760  6.2900  2.7047  0.5797
52      0.1951  0.6480  1.5601  4.3457  0.0112  0.0017  0.0003049       0.4810  0.1760  6.2900  2.8471  0.6087
53      0.1089  0.5091  11.043  3.6476  0.0053  0.0215  0.0000004       0.4492  0.1730  7.4643  1.8986  0.7610
54      0.1035  0.5091  11.043  3.6476  0.0053  0.0215  0.0000004       0.4492  0.1730  7.4643  1.8986  0.7610
55      0.1089  0.5345  11.043  3.6476  0.0053  0.0215  0.0000004       0.4492  0.1730  7.4643  1.8986  0.7610
56      0.1089  0.5091  12.452  3.6476  0.0053  0.0215  0.0000004       0.4492  0.1730  7.4643  1.8986  0.7610
57      0.1089  0.5091  11.043  3.8300  0.0053  0.0215  0.0000004       0.4492  0.1730  7.4643  1.8986  0.7610
58      0.1089  0.5091  11.043  3.6476  0.0041  0.0215  0.0000004       0.4492  0.1730  7.4643  1.8986  0.7610
59      0.1089  0.5091  11.043  3.6476  0.0053  0.0261  0.0000004       0.4492  0.1730  7.4643  1.8986  0.7610
60      0.1089  0.5091  11.043  3.6476  0.0053  0.0215  0.0000007       0.4492  0.1730  7.4643  1.8986  0.7610
61      0.1089  0.5091  11.043  3.6476  0.0053  0.0215  0.0000004       0.4268  0.1730  7.4643  1.8986  0.7610
62      0.1089  0.5091  11.043  3.6476  0.0053  0.0215  0.0000004       0.4492  0.1644  7.4643  1.8986  0.7610
63      0.1089  0.5091  11.043  3.6476  0.0053  0.0215  0.0000004       0.4492  0.1730  7.8376  1.8986  0.7610
64      0.1089  0.5091  11.043  3.6476  0.0053  0.0215  0.0000004       0.4492  0.1730  7.4643  1.9935  0.7610
65      0.1089  0.5091  11.043  3.6476  0.0053  0.0215  0.0000004       0.4492  0.1730  7.4643  1.8986  0.7230
92      0.1258  0.6428  0.0819  1.8700  0.9087  0.0036  0.0038664       0.4247  0.2749  8.6116  1.4158  1.1593
93      0.1195  0.6428  0.0819  1.8700  0.9087  0.0036  0.0038664       0.4247  0.2749  8.6116  1.4158  1.1593
94      0.1258  0.6749  0.0819  1.8700  0.9087  0.0036  0.0038664       0.4247  0.2749  8.6116  1.4158  1.1593
95      0.1258  0.6428  0.0723  1.8700  0.9087  0.0036  0.0038664       0.4247  0.2749  8.6116  1.4158  1.1593
96      0.1258  0.6428  0.0819  1.9635  0.9087  0.0036  0.0038664       0.4247  0.2749  8.6116  1.4158  1.1593
97      0.1258  0.6428  0.0819  1.8700  0.9131  0.0036  0.0038664       0.4247  0.2749  8.6116  1.4158  1.1593
98      0.1258  0.6428  0.0819  1.8700  0.9087  0.0048  0.0038664       0.4247  0.2749  8.6116  1.4158  1.1593
99      0.1258  0.6428  0.0819  1.8700  0.9087  0.0036  0.0029287       0.4247  0.2749  8.6116  1.4158  1.1593
100     0.1258  0.6428  0.0819  1.8700  0.9087  0.0036  0.0038664       0.4459  0.2749  8.6116  1.4158  1.1593
101     0.1258  0.6428  0.0819  1.8700  0.9087  0.0036  0.0038664       0.4247  0.2887  8.6116  1.4158  1.1593
102     0.1258  0.6428  0.0819  1.8700  0.9087  0.0036  0.0038664       0.4247  0.2749  9.0422  1.4158  1.1593
103     0.1258  0.6428  0.0819  1.8700  0.9087  0.0036  0.0038664       0.4247  0.2749  8.6116  1.4866  1.1593
104     0.1258  0.6428  0.0819  1.8700  0.9087  0.0036  0.0038664       0.4247  0.2749  8.6116  1.4158  1.1013
118     0.0752  0.4308  0.8733  1.7198  2.0727  0.3694  0.0000088       0.1859  0.1442  8.4001  2.4145  0.7492
119     0.0790  0.4308  0.8733  1.7198  2.0727  0.3694  0.0000088       0.1859  0.1442  8.4001  2.4145  0.7492
120     0.0752  0.4523  0.8733  1.7198  2.0727  0.3694  0.0000088       0.1859  0.1442  8.4001  2.4145  0.7492
121     0.0752  0.4308  0.8674  1.7198  2.0727  0.3694  0.0000088       0.1859  0.1442  8.4001  2.4145  0.7492
122     0.0752  0.4308  0.8733  1.6338  2.0727  0.3694  0.0000088       0.1859  0.1442  8.4001  2.4145  0.7492
123     0.0752  0.4308  0.8733  1.7198  1.9985  0.3694  0.0000088       0.1859  0.1442  8.4001  2.4145  0.7492
124     0.0752  0.4308  0.8733  1.7198  2.0727  0.3882  0.0000088       0.1859  0.1442  8.4001  2.4145  0.7492
125     0.0752  0.4308  0.8733  1.7198  2.0727  0.3694  0.0000157       0.1859  0.1442  8.4001  2.4145  0.7492
126     0.0752  0.4308  0.8733  1.7198  2.0727  0.3694  0.0000088       0.1952  0.1442  8.4001  2.4145  0.7492
127     0.0752  0.4308  0.8733  1.7198  2.0727  0.3694  0.0000088       0.1859  0.1514  8.4001  2.4145  0.7492
128     0.0752  0.4308  0.8733  1.7198  2.0727  0.3694  0.0000088       0.1859  0.1442  7.9801  2.4145  0.7492
129     0.0752  0.4308  0.8733  1.7198  2.0727  0.3694  0.0000088       0.1859  0.1442  8.4001  2.5352  0.7492
130     0.0752  0.4308  0.8733  1.7198  2.0727  0.3694  0.0000088       0.1859  0.1442  8.4001  2.4145  0.7117
144     0.0431  0.5494  2.7579  3.5525  0.2306  0.0002  0.0013013       0.4438  0.2224  3.6733  2.2191  1.0929
145     0.0452  0.5494  2.7579  3.5525  0.2306  0.0002  0.0013013       0.4438  0.2224  3.6733  2.2191  1.0929
146     0.0431  0.5219  2.7579  3.5525  0.2306  0.0002  0.0013013       0.4438  0.2224  3.6733  2.2191  1.0929
147     0.0431  0.5494  2.6215  3.5525  0.2306  0.0002  0.0013013       0.4438  0.2224  3.6733  2.2191  1.0929
148     0.0431  0.5494  2.7579  3.3749  0.2306  0.0002  0.0013013       0.4438  0.2224  3.6733  2.2191  1.0929
149     0.0431  0.5494  2.7579  3.5525  0.2143  0.0002  0.0013013       0.4438  0.2224  3.6733  2.2191  1.0929
150     0.0431  0.5494  2.7579  3.5525  0.2306  0.0001  0.0013013       0.4438  0.2224  3.6733  2.2191  1.0929
151     0.0431  0.5494  2.7579  3.5525  0.2306  0.0002  0.0009335       0.4438  0.2224  3.6733  2.2191  1.0929
152     0.0431  0.5494  2.7579  3.5525  0.2306  0.0002  0.0013013       0.4660  0.2224  3.6733  2.2191  1.0929
153     0.0431  0.5494  2.7579  3.5525  0.2306  0.0002  0.0013013       0.4438  0.2112  3.6733  2.2191  1.0929
154     0.0431  0.5494  2.7579  3.5525  0.2306  0.0002  0.0013013       0.4438  0.2224  3.4896  2.2191  1.0929
155     0.0431  0.5494  2.7579  3.5525  0.2306  0.0002  0.0013013       0.4438  0.2224  3.6733  2.3301  1.0929
156     0.0431  0.5494  2.7579  3.5525  0.2306  0.0002  0.0013013       0.4438  0.2224  3.6733  2.2191  1.1476
209     0.1505  0.4585  1.1503  4.4132  0.0514  0.0025  0.0000018       0.3935  0.2670  5.5859  1.3846  0.1074
210     0.1580  0.4585  1.1503  4.4132  0.0514  0.0025  0.0000018       0.3935  0.2670  5.5859  1.3846  0.1074
211     0.1505  0.4814  1.1503  4.4132  0.0514  0.0025  0.0000018       0.3935  0.2670  5.5859  1.3846  0.1074
212     0.1505  0.4585  1.1584  4.4132  0.0514  0.0025  0.0000018       0.3935  0.2670  5.5859  1.3846  0.1074
213     0.1505  0.4585  1.1503  4.1925  0.0514  0.0025  0.0000018       0.3935  0.2670  5.5859  1.3846  0.1074
214     0.1505  0.4585  1.1503  4.4132  0.0596  0.0025  0.0000018       0.3935  0.2670  5.5859  1.3846  0.1074
215     0.1505  0.4585  1.1503  4.4132  0.0514  0.0034  0.0000018       0.3935  0.2670  5.5859  1.3846  0.1074
216     0.1505  0.4585  1.1503  4.4132  0.0514  0.0025  0.0000035       0.3935  0.2670  5.5859  1.3846  0.1074
217     0.1505  0.4585  1.1503  4.4132  0.0514  0.0025  0.0000018       0.3739  0.2670  5.5859  1.3846  0.1074
218     0.1505  0.4585  1.1503  4.4132  0.0514  0.0025  0.0000018       0.3935  0.2536  5.5859  1.3846  0.1074
219     0.1505  0.4585  1.1503  4.4132  0.0514  0.0025  0.0000018       0.3935  0.2670  5.8652  1.3846  0.1074
220     0.1505  0.4585  1.1503  4.4132  0.0514  0.0025  0.0000018       0.3935  0.2670  5.5859  1.3154  0.1074
221     0.1505  0.4585  1.1503  4.4132  0.0514  0.0025  0.0000018       0.3935  0.2670  5.5859  1.3846  0.1127
222     0.1643  0.5887  0.3545  4.6654  0.0170  0.5224  0.0001815       0.3387  0.1839  4.4847  1.6633  1.0060
223     0.1561  0.5887  0.3545  4.6654  0.0170  0.5224  0.0001815       0.3387  0.1839  4.4847  1.6633  1.0060
224     0.1643  0.6182  0.3545  4.6654  0.0170  0.5224  0.0001815       0.3387  0.1839  4.4847  1.6633  1.0060
225     0.1643  0.5887  0.3366  4.6654  0.0170  0.5224  0.0001815       0.3387  0.1839  4.4847  1.6633  1.0060
226     0.1643  0.5887  0.3545  4.8987  0.0170  0.5224  0.0001815       0.3387  0.1839  4.4847  1.6633  1.0060
227     0.1643  0.5887  0.3545  4.6654  0.0208  0.5224  0.0001815       0.3387  0.1839  4.4847  1.6633  1.0060
228     0.1643  0.5887  0.3545  4.6654  0.0170  0.5057  0.0001815       0.3387  0.1839  4.4847  1.6633  1.0060
229     0.1643  0.5887  0.3545  4.6654  0.0170  0.5224  0.0001180       0.3387  0.1839  4.4847  1.6633  1.0060
230     0.1643  0.5887  0.3545  4.6654  0.0170  0.5224  0.0001815       0.3218  0.1839  4.4847  1.6633  1.0060
231     0.1643  0.5887  0.3545  4.6654  0.0170  0.5224  0.0001815       0.3387  0.1747  4.4847  1.6633  1.0060
232     0.1643  0.5887  0.3545  4.6654  0.0170  0.5224  0.0001815       0.3387  0.1839  4.7089  1.6633  1.0060
233     0.1643  0.5887  0.3545  4.6654  0.0170  0.5224  0.0001815       0.3387  0.1839  4.4847  1.5801  1.0060
234     0.1643  0.5887  0.3545  4.6654  0.0170  0.5224  0.0001815       0.3387  0.1839  4.4847  1.6633  1.0563
248     0.1465  0.3744  2.4768  3.3336  0.0730  0.0007  0.0004802       0.1517  0.1101  6.8675  2.5930  0.3578
249     0.1538  0.3744  2.4768  3.3336  0.0730  0.0007  0.0004802       0.1517  0.1101  6.8675  2.5930  0.3578
250     0.1465  0.3557  2.4768  3.3336  0.0730  0.0007  0.0004802       0.1517  0.1101  6.8675  2.5930  0.3578
251     0.1465  0.3744  2.3669  3.3336  0.0730  0.0007  0.0004802       0.1517  0.1101  6.8675  2.5930  0.3578
252     0.1465  0.3744  2.4768  3.5002  0.0730  0.0007  0.0004802       0.1517  0.1101  6.8675  2.5930  0.3578
253     0.1465  0.3744  2.4768  3.3336  0.0640  0.0007  0.0004802       0.1517  0.1101  6.8675  2.5930  0.3578
254     0.1465  0.3744  2.4768  3.3336  0.0730  0.0009  0.0004802       0.1517  0.1101  6.8675  2.5930  0.3578
255     0.1465  0.3744  2.4768  3.3336  0.0730  0.0007  0.0003277       0.1517  0.1101  6.8675  2.5930  0.3578
256     0.1465  0.3744  2.4768  3.3336  0.0730  0.0007  0.0004802       0.1442  0.1101  6.8675  2.5930  0.3578
257     0.1465  0.3744  2.4768  3.3336  0.0730  0.0007  0.0004802       0.1517  0.1046  6.8675  2.5930  0.3578
258     0.1465  0.3744  2.4768  3.3336  0.0730  0.0007  0.0004802       0.1517  0.1101  6.5241  2.5930  0.3578
259     0.1465  0.3744  2.4768  3.3336  0.0730  0.0007  0.0004802       0.1517  0.1101  6.8675  2.7226  0.3578
260     0.1465  0.3744  2.4768  3.3336  0.0730  0.0007  0.0004802       0.1517  0.1101  6.8675  2.5930  0.3757
261     0.1682  0.6292  0.4157  1.5494  0.0263  0.9409  0.0000155       0.2843  0.2489  4.0748  1.8420  0.3969
262     0.1767  0.6292  0.4157  1.5494  0.0263  0.9409  0.0000155       0.2843  0.2489  4.0748  1.8420  0.3969
263     0.1682  0.5977  0.4157  1.5494  0.0263  0.9409  0.0000155       0.2843  0.2489  4.0748  1.8420  0.3969
264     0.1682  0.6292  0.4344  1.5494  0.0263  0.9409  0.0000155       0.2843  0.2489  4.0748  1.8420  0.3969
265     0.1682  0.6292  0.4157  1.4720  0.0263  0.9409  0.0000155       0.2843  0.2489  4.0748  1.8420  0.3969
266     0.1682  0.6292  0.4157  1.5494  0.0219  0.9409  0.0000155       0.2843  0.2489  4.0748  1.8420  0.3969
267     0.1682  0.6292  0.4157  1.5494  0.0263  0.9437  0.0000155       0.2843  0.2489  4.0748  1.8420  0.3969
268     0.1682  0.6292  0.4157  1.5494  0.0263  0.9409  0.0000270       0.2843  0.2489  4.0748  1.8420  0.3969
269     0.1682  0.6292  0.4157  1.5494  0.0263  0.9409  0.0000155       0.2701  0.2489  4.0748  1.8420  0.3969
270     0.1682  0.6292  0.4157  1.5494  0.0263  0.9409  0.0000155       0.2843  0.2364  4.0748  1.8420  0.3969
271     0.1682  0.6292  0.4157  1.5494  0.0263  0.9409  0.0000155       0.2843  0.2489  3.8711  1.8420  0.3969
272     0.1682  0.6292  0.4157  1.5494  0.0263  0.9409  0.0000155       0.2843  0.2489  4.0748  1.7499  0.3969
273     0.1682  0.6292  0.4157  1.5494  0.0263  0.9409  0.0000155       0.2843  0.2489  4.0748  1.8420  0.3770
274     0.0068  0.3399  0.3034  1.8286  0.0143  0.2716  0.0000992       0.3406  0.1394  7.9731  1.2517  1.0671
275     0.0072  0.3399  0.3034  1.8286  0.0143  0.2716  0.0000992       0.3406  0.1394  7.9731  1.2517  1.0671
276     0.0068  0.3229  0.3034  1.8286  0.0143  0.2716  0.0000992       0.3406  0.1394  7.9731  1.2517  1.0671
277     0.0068  0.3399  0.2858  1.8286  0.0143  0.2716  0.0000992       0.3406  0.1394  7.9731  1.2517  1.0671
278     0.0068  0.3399  0.3034  1.7372  0.0143  0.2716  0.0000992       0.3406  0.1394  7.9731  1.2517  1.0671
279     0.0068  0.3399  0.3034  1.8286  0.0176  0.2716  0.0000992       0.3406  0.1394  7.9731  1.2517  1.0671
280     0.0068  0.3399  0.3034  1.8286  0.0143  0.2899  0.0000992       0.3406  0.1394  7.9731  1.2517  1.0671
281     0.0068  0.3399  0.3034  1.8286  0.0143  0.2716  0.0001573       0.3406  0.1394  7.9731  1.2517  1.0671
282     0.0068  0.3399  0.3034  1.8286  0.0143  0.2716  0.0000992       0.3576  0.1394  7.9731  1.2517  1.0671
283     0.0068  0.3399  0.3034  1.8286  0.0143  0.2716  0.0000992       0.3406  0.1324  7.9731  1.2517  1.0671
284     0.0068  0.3399  0.3034  1.8286  0.0143  0.2716  0.0000992       0.3406  0.1394  8.3718  1.2517  1.0671
285     0.0068  0.3399  0.3034  1.8286  0.0143  0.2716  0.0000992       0.3406  0.1394  7.9731  1.3143  1.0671
286     0.0068  0.3399  0.3034  1.8286  0.0143  0.2716  0.0000992       0.3406  0.1394  7.9731  1.2517  1.1205
287     0.0203  0.6649  3.4632  4.2164  2.6645  0.0510  0.0000003       0.1779  0.1631  5.1459  1.1403  0.3281
288     0.0193  0.6649  3.4632  4.2164  2.6645  0.0510  0.0000003       0.1779  0.1631  5.1459  1.1403  0.3281
289     0.0203  0.6981  3.4632  4.2164  2.6645  0.0510  0.0000003       0.1779  0.1631  5.1459  1.1403  0.3281
290     0.0203  0.6649  3.6851  4.2164  2.6645  0.0510  0.0000003       0.1779  0.1631  5.1459  1.1403  0.3281
291     0.0203  0.6649  3.4632  4.0056  2.6645  0.0510  0.0000003       0.1779  0.1631  5.1459  1.1403  0.3281
292     0.0203  0.6649  3.4632  4.2164  2.5371  0.0510  0.0000003       0.1779  0.1631  5.1459  1.1403  0.3281
293     0.0203  0.6649  3.4632  4.2164  2.6645  0.0439  0.0000003       0.1779  0.1631  5.1459  1.1403  0.3281
294     0.0203  0.6649  3.4632  4.2164  2.6645  0.0510  0.0000006       0.1779  0.1631  5.1459  1.1403  0.3281
295     0.0203  0.6649  3.4632  4.2164  2.6645  0.0510  0.0000003       0.1690  0.1631  5.1459  1.1403  0.3281
296     0.0203  0.6649  3.4632  4.2164  2.6645  0.0510  0.0000003       0.1779  0.1712  5.1459  1.1403  0.3281
297     0.0203  0.6649  3.4632  4.2164  2.6645  0.0510  0.0000003       0.1779  0.1631  5.4032  1.1403  0.3281
298     0.0203  0.6649  3.4632  4.2164  2.6645  0.0510  0.0000003       0.1779  0.1631  5.1459  1.0833  0.3281
299     0.0203  0.6649  3.4632  4.2164  2.6645  0.0510  0.0000003       0.1779  0.1631  5.1459  1.1403  0.3117
313     0.0487  0.3482  0.1455  3.2039  0.1094  0.1886  0.0019473       0.4981  0.2327  8.8113  2.0335  0.2229
314     0.0511  0.3482  0.1455  3.2039  0.1094  0.1886  0.0019473       0.4981  0.2327  8.8113  2.0335  0.2229
315     0.0487  0.3656  0.1455  3.2039  0.1094  0.1886  0.0019473       0.4981  0.2327  8.8113  2.0335  0.2229
316     0.0487  0.3482  0.1602  3.2039  0.1094  0.1886  0.0019473       0.4981  0.2327  8.8113  2.0335  0.2229
317     0.0487  0.3482  0.1455  3.3641  0.1094  0.1886  0.0019473       0.4981  0.2327  8.8113  2.0335  0.2229
318     0.0487  0.3482  0.1455  3.2039  0.0979  0.1886  0.0019473       0.4981  0.2327  8.8113  2.0335  0.2229
319     0.0487  0.3482  0.1455  3.2039  0.1094  0.2050  0.0019473       0.4981  0.2327  8.8113  2.0335  0.2229
320     0.0487  0.3482  0.1455  3.2039  0.1094  0.1886  0.0014253       0.4981  0.2327  8.8113  2.0335  0.2229
321     0.0487  0.3482  0.1455  3.2039  0.1094  0.1886  0.0019473       0.4732  0.2327  8.8113  2.0335  0.2229
322     0.0487  0.3482  0.1455  3.2039  0.1094  0.1886  0.0019473       0.4981  0.2444  8.8113  2.0335  0.2229
323     0.0487  0.3482  0.1455  3.2039  0.1094  0.1886  0.0019473       0.4981  0.2327  9.2518  2.0335  0.2229
324     0.0487  0.3482  0.1455  3.2039  0.1094  0.1886  0.0019473       0.4981  0.2327  8.8113  2.1352  0.2229
325     0.0487  0.3482  0.1455  3.2039  0.1094  0.1886  0.0019473       0.4981  0.2327  8.8113  2.0335  0.2340
339     0.0272  0.5571  0.0930  3.7332  0.7836  0.1241  0.0000026       0.4660  0.2382  3.1430  2.3887  0.9025
340     0.0286  0.5571  0.0930  3.7332  0.7836  0.1241  0.0000026       0.4660  0.2382  3.1430  2.3887  0.9025
341     0.0272  0.5293  0.0930  3.7332  0.7836  0.1241  0.0000026       0.4660  0.2382  3.1430  2.3887  0.9025
342     0.0272  0.5571  0.0826  3.7332  0.7836  0.1241  0.0000026       0.4660  0.2382  3.1430  2.3887  0.9025
343     0.0272  0.5571  0.0930  3.5466  0.7836  0.1241  0.0000026       0.4660  0.2382  3.1430  2.3887  0.9025
344     0.0272  0.5571  0.0930  3.7332  0.7932  0.1241  0.0000026       0.4660  0.2382  3.1430  2.3887  0.9025
345     0.0272  0.5571  0.0930  3.7332  0.7836  0.1377  0.0000026       0.4660  0.2382  3.1430  2.3887  0.9025
346     0.0272  0.5571  0.0930  3.7332  0.7836  0.1241  0.0000049       0.4660  0.2382  3.1430  2.3887  0.9025
347     0.0272  0.5571  0.0930  3.7332  0.7836  0.1241  0.0000026       0.4427  0.2382  3.1430  2.3887  0.9025
348     0.0272  0.5571  0.0930  3.7332  0.7836  0.1241  0.0000026       0.4660  0.2501  3.1430  2.3887  0.9025
349     0.0272  0.5571  0.0930  3.7332  0.7836  0.1241  0.0000026       0.4660  0.2382  3.3001  2.3887  0.9025
350     0.0272  0.5571  0.0930  3.7332  0.7836  0.1241  0.0000026       0.4660  0.2382  3.1430  2.2693  0.9025
351     0.0272  0.5571  0.0930  3.7332  0.7836  0.1241  0.0000026       0.4660  0.2382  3.1430  2.3887  0.8574
352     0.1330  0.6807  9.4812  4.0260  0.0218  0.0001  0.0000219       0.3618  0.2569  7.6280  2.2856  0.4514
353     0.1264  0.6807  9.4812  4.0260  0.0218  0.0001  0.0000219       0.3618  0.2569  7.6280  2.2856  0.4514
354     0.1330  0.6466  9.4812  4.0260  0.0218  0.0001  0.0000219       0.3618  0.2569  7.6280  2.2856  0.4514
355     0.1330  0.6807  8.4726  4.0260  0.0218  0.0001  0.0000219       0.3618  0.2569  7.6280  2.2856  0.4514
356     0.1330  0.6807  9.4812  4.2273  0.0218  0.0001  0.0000219       0.3618  0.2569  7.6280  2.2856  0.4514
357     0.1330  0.6807  9.4812  4.0260  0.0264  0.0001  0.0000219       0.3618  0.2569  7.6280  2.2856  0.4514
358     0.1330  0.6807  9.4812  4.0260  0.0218  0.0002  0.0000219       0.3618  0.2569  7.6280  2.2856  0.4514
359     0.1330  0.6807  9.4812  4.0260  0.0218  0.0001  0.0000374       0.3618  0.2569  7.6280  2.2856  0.4514
360     0.1330  0.6807  9.4812  4.0260  0.0218  0.0001  0.0000219       0.3799  0.2569  7.6280  2.2856  0.4514
361     0.1330  0.6807  9.4812  4.0260  0.0218  0.0001  0.0000219       0.3618  0.2698  7.6280  2.2856  0.4514
362     0.1330  0.6807  9.4812  4.0260  0.0218  0.0001  0.0000219       0.3618  0.2569  7.2466  2.2856  0.4514
363     0.1330  0.6807  9.4812  4.0260  0.0218  0.0001  0.0000219       0.3618  0.2569  7.6280  2.1713  0.4514
364     0.1330  0.6807  9.4812  4.0260  0.0218  0.0001  0.0000219       0.3618  0.2569  7.6280  2.2856  0.4739
365     0.0678  0.3146  7.6863  4.5003  0.1580  0.0929  0.0003190       0.2315  0.1556  4.3264  2.9698  0.7005
366     0.0644  0.3146  7.6863  4.5003  0.1580  0.0929  0.0003190       0.2315  0.1556  4.3264  2.9698  0.7005
367     0.0678  0.2989  7.6863  4.5003  0.1580  0.0929  0.0003190       0.2315  0.1556  4.3264  2.9698  0.7005
368     0.0678  0.3146  8.5115  4.5003  0.1580  0.0929  0.0003190       0.2315  0.1556  4.3264  2.9698  0.7005
369     0.0678  0.3146  7.6863  4.2753  0.1580  0.0929  0.0003190       0.2315  0.1556  4.3264  2.9698  0.7005
370     0.0678  0.3146  7.6863  4.5003  0.1732  0.0929  0.0003190       0.2315  0.1556  4.3264  2.9698  0.7005
371     0.0678  0.3146  7.6863  4.5003  0.1580  0.1046  0.0003190       0.2315  0.1556  4.3264  2.9698  0.7005
372     0.0678  0.3146  7.6863  4.5003  0.1580  0.0929  0.0004772       0.2315  0.1556  4.3264  2.9698  0.7005
373     0.0678  0.3146  7.6863  4.5003  0.1580  0.0929  0.0003190       0.2431  0.1556  4.3264  2.9698  0.7005
374     0.0678  0.3146  7.6863  4.5003  0.1580  0.0929  0.0003190       0.2315  0.1478  4.3264  2.9698  0.7005
375     0.0678  0.3146  7.6863  4.5003  0.1580  0.0929  0.0003190       0.2315  0.1556  4.5427  2.9698  0.7005
376     0.0678  0.3146  7.6863  4.5003  0.1580  0.0929  0.0003190       0.2315  0.1556  4.3264  3.1182  0.7005
377     0.0678  0.3146  7.6863  4.5003  0.1580  0.0929  0.0003190       0.2315  0.1556  4.3264  2.9698  0.6654
378     0.1546  0.3057  6.5952  2.9324  0.0046  0.6770  0.0000121       0.2518  0.1467  8.2007  2.7997  1.0206
379     0.1623  0.3057  6.5952  2.9324  0.0046  0.6770  0.0000121       0.2518  0.1467  8.2007  2.7997  1.0206
380     0.1546  0.3210  6.5952  2.9324  0.0046  0.6770  0.0000121       0.2518  0.1467  8.2007  2.7997  1.0206
381     0.1546  0.3057  7.2476  2.9324  0.0046  0.6770  0.0000121       0.2518  0.1467  8.2007  2.7997  1.0206
382     0.1546  0.3057  6.5952  2.7857  0.0046  0.6770  0.0000121       0.2518  0.1467  8.2007  2.7997  1.0206
383     0.1546  0.3057  6.5952  2.9324  0.0060  0.6770  0.0000121       0.2518  0.1467  8.2007  2.7997  1.0206
384     0.1546  0.3057  6.5952  2.9324  0.0046  0.6903  0.0000121       0.2518  0.1467  8.2007  2.7997  1.0206
385     0.1546  0.3057  6.5952  2.9324  0.0046  0.6770  0.0000068       0.2518  0.1467  8.2007  2.7997  1.0206
386     0.1546  0.3057  6.5952  2.9324  0.0046  0.6770  0.0000121       0.2644  0.1467  8.2007  2.7997  1.0206
387     0.1546  0.3057  6.5952  2.9324  0.0046  0.6770  0.0000121       0.2518  0.1540  8.2007  2.7997  1.0206
388     0.1546  0.3057  6.5952  2.9324  0.0046  0.6770  0.0000121       0.2518  0.1467  7.7907  2.7997  1.0206
389     0.1546  0.3057  6.5952  2.9324  0.0046  0.6770  0.0000121       0.2518  0.1467  8.2007  2.9396  1.0206
390     0.1546  0.3057  6.5952  2.9324  0.0046  0.6770  0.0000121       0.2518  0.1467  8.2007  2.7997  1.0717
